group,subject,speed_bin,mean_speed,model_index,diagonal_dominance,self_gain,cross_gain,fore_hind_coupling,left_right_coupling,angle_angle_coupling,radius_radius_coupling,radius_to_angle_coupling,angle_to_radius_coupling,angle_radius_cross_coupling,angle_selectivity
Cntnap_het,OFT-0366-00,slow,3.6715534214145067,1,1.7608143569159367,0.3765263749633829,0.21383649757539927,0.2335649926978481,0.2349305955830866,0.0028330997639300862,0.7408133466717851,0.009239845606100597,0.18380463695377336,0.09652224127993697,0.029351781789996333
Cntnap_het,OFT-0366-00,medium,4.8048167758336,2,2.193225323432631,0.3900868544622634,0.17785990809723826,0.20266465960325647,0.20357286169019595,0.0005884773079912285,0.7605678838049191,0.009315755863128189,0.047080988595426976,0.028198372229277582,0.020869194264349376
Cntnap_het,OFT-0366-00,fast,5.959631436855622,3,1.3153067412346284,0.45559827580434187,0.3463817689983776,0.3572761843948553,0.3575823954807135,0.006642301200280638,0.8625507761522501,0.01023287837580546,0.5607093736681563,0.2854711260219809,0.023267856517892427
Cntnap_het,OFT-0371-00,fast,5.161759489967794,4,2.030540257106425,0.4220897130033416,0.20787064502962918,0.23321598957360687,0.2340797565371796,0.0011968187835158413,0.8321971768166219,0.010492943422750851,0.09470517508248438,0.05259905925261762,0.022753615758941182
Cntnap_het,OFT-0371-00,medium,4.128509727204975,5,2.0944962911962413,0.41863340394409726,0.1998730700568588,0.228032477728226,0.22668757474835172,0.0009675907736474385,0.8287252922313026,0.011893100046599523,0.06728646411950472,0.03958978208305212,0.024440416762527516
Cntnap_het,OFT-0371-00,slow,3.289942548505617,6,2.02710932412089,0.42002758349854835,0.20720519534914797,0.22961559434394035,0.2337438997925309,0.0016193609871294104,0.8134241872786415,0.012200465042199385,0.10798796216332157,0.06009421360276048,0.026947036828434735
Cntnap_het,OFT-0376-00,fast,5.284647439102435,7,1.7451201257120743,0.4529483714157225,0.2595513997816641,0.28204261553825555,0.28291536668865924,0.0032688569243705455,0.8864273658885498,0.012312287932841936,0.23289557419792314,0.12260393106538255,0.02666192589393664
Cntnap_het,OFT-0376-00,medium,4.139253419760537,8,1.6767414339963027,0.4495576785946774,0.26811389608427166,0.29161634773957756,0.28857202741288346,0.0038844571108793842,0.8744513539770674,0.012167185418842773,0.2726744790855002,0.14242083225217148,0.027274500853930787
Cntnap_het,OFT-0376-00,slow,3.4325803351992286,9,2.0400209223967054,0.38756603452950983,0.18998140179571316,0.21140858370782595,0.2125116092569853,0.0012873121354977945,0.7556451739896235,0.010843074584163758,0.09094236284046582,0.05089271871231479,0.025294623043714437
Cntnap_het,OFT-0385-00,medium,4.312903759250761,10,1.2536550065154355,0.2224106201300006,0.17740974907298965,0.18062776629680283,0.18006237075651915,0.004063596875848627,0.423273317921273,0.005691819296535455,0.2991106977268067,0.15240125851167108,0.026663801306715796
Cntnap_het,OFT-0385-00,fast,5.696205808083579,11,1.6688094332954462,0.3987008180595805,0.2389133295299359,0.25536176614014716,0.2584781719193577,0.0030744510916154407,0.7828458954042995,0.00976916071120071,0.23985755517745036,0.12481335794432553,0.024632388249556075
Cntnap_het,OFT-0385-00,slow,3.45139588004772,12,2.160456151957995,0.42100813887746336,0.19487002246998109,0.21510390886051717,0.21793183285557857,0.0018377725752568308,0.7873989669450928,0.012121499827427693,0.09119090873588831,0.051656204281658,0.035576996041681366
Cntnap_het,OFT-0391-00,slow,4.002190822819037,13,1.8749585552545336,0.3636475985455962,0.19394967292822612,0.2120703114649679,0.21422330617495555,0.0023248993222065445,0.6990810564379257,0.009847293874586872,0.14939440488687067,0.07962084938072878,0.02919962974885391
Cntnap_het,OFT-0391-00,fast,6.400359851640582,14,1.558962762965554,0.4384048247814479,0.2812157129061168,0.29491390822687935,0.29767761384510805,0.004632940184167374,0.8292315543765524,0.01077510228851894,0.3588178107128939,0.18479645650070642,0.025070503362977982
Cntnap_het,OFT-0391-00,medium,5.132219518303372,15,1.923450714831101,0.3825279954495347,0.19887590178421838,0.21922767816687794,0.21935490284859266,0.001762869046415733,0.7426313449394332,0.009960543762184462,0.1329748962214983,0.07146771999184139,0.024666647356554522
Cntnap_het,OFT-0403-00,medium,5.352716545081615,16,1.894261673623857,0.4383204384695742,0.23139381669008596,0.25445267823213913,0.25489337760366637,0.002298492404793872,0.8559897693100553,0.01224578956152567,0.158504526373713,0.08537515796761934,0.02692226239470775
Cntnap_het,OFT-0403-00,fast,6.931911195797311,17,1.2414604154833018,0.31965834562356304,0.25748573344492803,0.26546585856573257,0.26584356214236365,0.0055118190438922954,0.6353204228906151,0.008431430391205795,0.4117655675433162,0.21009849896726102,0.02623445227350808
Cntnap_het,OFT-0403-00,slow,3.934405225908293,18,1.8338033172437473,0.3817091126608575,0.20815160986543307,0.22292942237437297,0.22722541282958658,0.0029256102048720893,0.7282025620350884,0.010967383845032501,0.17728963477445137,0.09412850930974194,0.03108102132208419
Cntnap_het,OFT-0407-00,fast,6.463094240586081,19,1.9444020690240673,0.3998528804310196,0.2056431058169535,0.22675746512392164,0.22846168608965473,0.0016605916314299026,0.7815418334336797,0.010057361696097356,0.12641752381364016,0.06823744275486876,0.024335490375793998
Cntnap_het,OFT-0407-00,medium,5.006324230998246,20,1.981454793045235,0.3951308875219685,0.19941453567795225,0.2237126051224977,0.22412297299924988,0.0013419479040802339,0.7918782140797537,0.011729466940420671,0.09056668970956261,0.05114807832499164,0.026236526337384217
Cntnap_het,OFT-0407-00,slow,3.688162400732196,21,1.9864365156330013,0.4359086921649678,0.21944254887303075,0.24057971366058445,0.23827977318093085,0.003164722279803262,0.8041397003669682,0.012571621801323601,0.16612722268999616,0.08934942224565988,0.03541961660481792
Cntnap_het,OFT-0419-00,fast,6.183588122814384,22,1.3417227144685284,0.4634835418176836,0.3454391409042178,0.35950470758006553,0.35887415588985205,0.007301061694736971,0.9119883202425083,0.013145958817392051,0.5083434233189668,0.2607446910681794,0.028000806707998874
Cntnap_het,OFT-0419-00,slow,3.683297395252901,23,1.982138020413383,0.3792323763836287,0.19132490900131074,0.21087995072725138,0.2131441555227229,0.0017128045139719317,0.7490713472002922,0.012852170663327877,0.09561704731881003,0.05423460899106895,0.031581393243823086
Cntnap_het,OFT-0419-00,medium,4.87777135927766,24,1.7312675470121202,0.3199327590669162,0.18479683259763457,0.19710121334789016,0.19978746748179377,0.0029001458189938023,0.6082650340653234,0.00950148058302333,0.18608863315783855,0.09779505687043094,0.029655341607257482
Cntnap_het,OFT-0420-00,medium,5.132194665462224,25,1.1911079891106644,0.3731958209250146,0.31331820820348927,0.3205033996611282,0.31999429406809354,0.008708303155503524,0.7302398433939638,0.011940664906951257,0.5323228277183012,0.2721317463126262,0.032000320703117764
Cntnap_het,OFT-0420-00,fast,6.260797074478718,26,1.652915144906948,0.43632047129296314,0.2639702785937787,0.2854307830662308,0.283734280861203,0.0037663662393680577,0.8648312705583663,0.01240962445378112,0.26104894947319185,0.1367292869634865,0.027546155787193306
Cntnap_het,OFT-0420-00,slow,3.9066779180322464,27,1.6365762082904944,0.3995213262041779,0.24412020911724164,0.26219309833476157,0.26138556951898817,0.0058357938107120935,0.7600175951535527,0.014753301632827467,0.2735747044153425,0.14416400302408497,0.04048024255914376
Cntnap_het,OFT-0421-00,slow,4.022858713819175,28,2.178696727653782,0.4491567418722971,0.20615845067890187,0.2329705276227737,0.2322940308933347,0.0012068453881449851,0.850783188945384,0.012390550562196566,0.08175236341657965,0.04707145698938811,0.025638581538214526
Cntnap_het,OFT-0421-00,fast,6.9874842935870145,29,1.6283534979963317,0.41609205180068237,0.25552931369796444,0.27251820652722425,0.27425895037911197,0.003753102111167476,0.8061908559221299,0.010530721723973827,0.28192394408594523,0.14622733290495954,0.025666214630385174
Cntnap_het,OFT-0421-00,medium,5.215540767397663,30,2.107306424549868,0.3888278635011122,0.18451415464372625,0.2078402716159207,0.20924019391475512,0.0008411501537550557,0.7660185671684486,0.010152644847261435,0.06320111083413267,0.03667687784069705,0.022934071907879428
Cntnap_het,OFT-0423-00,slow,4.1453204133125725,31,2.0623807324799026,0.3438199511084793,0.1667102226537261,0.18778405379147353,0.1903285217204826,0.0006723251005710238,0.6924863551974484,0.008706868235098732,0.05353020630916296,0.031118537272130847,0.021605292520389285
Cntnap_het,OFT-0423-00,fast,6.382885990207444,32,1.901866824657379,0.4634356652080772,0.24367408863739187,0.26674736671943233,0.2691935832426504,0.0022185277990471562,0.8876332247750442,0.010582266424652107,0.18414312383616654,0.09736269513040932,0.022786220082297647
Cntnap_het,OFT-0423-00,medium,5.252575215329125,33,2.1777067860823256,0.3499016261785218,0.1606743517606388,0.18033625679175805,0.18191977546548227,0.0006774974702051535,0.6753829825963902,0.008554113136255998,0.05269645104864551,0.030625282092450752,0.022122162602778415
Cntnap_het,OFT-0425-00,slow,3.8980379621323373,34,2.1544385671112014,0.3912190431333218,0.1815874674291091,0.2041072284063501,0.20336257765286458,0.0009978103939455537,0.7452730042709967,0.009880108359730539,0.07501473454386993,0.042447421451800235,0.02350697309325572
Cntnap_het,OFT-0425-00,fast,6.543154315224564,35,1.6411940603653057,0.42967737469437123,0.2618077807317505,0.2796557814128121,0.28149144598823295,0.003415031369931458,0.8389820819606874,0.010238786290315664,0.27853002028737767,0.14438440328884666,0.02365235643284513
Cntnap_het,OFT-0425-00,medium,5.182227487089433,36,2.0776574058818187,0.37282547509284997,0.1794451164265034,0.20336023722614088,0.2022838831406818,0.0007661532551537383,0.7437350910539249,0.009402942943975477,0.06056645778613304,0.03498470036505426,0.02189966605856766
Cntnap_het,OFT-0428-00,slow,4.498116564997399,37,2.0225328407415026,0.3936847657169592,0.19464938110603244,0.2208576092363248,0.21892122393012847,0.0014241082622828125,0.7841855789060033,0.012077524148708262,0.0804280054125991,0.04625276478065368,0.03078968941719306
Cntnap_het,OFT-0428-00,medium,5.967852191618131,38,1.5185304770843076,0.3877737243769679,0.25536117333747727,0.27250347062751124,0.2518949189938261,0.015625634952073295,0.5996974463842805,0.012788758473007486,0.4595391290602929,0.23616394376665018,0.06616435473957336
Cntnap_het,OFT-0428-00,fast,7.450343367944017,39,1.281336997905688,0.3089639121818814,0.24112619294289864,0.2390979653574345,0.23980293718407836,0.010347955244658716,0.49247357303517036,0.009268996252529664,0.48633310685872727,0.24780105155562845,0.04175912563605776
Cntnap_het,OFT-0430-00,fast,6.704227047811408,40,1.0980414687993614,0.38453388899509666,0.35019978745935715,0.35178418938699896,0.35314506905821963,0.009398573863269387,0.7445840737453596,0.010848263560697645,0.6531352894359722,0.33199177649833495,0.028309658637934738
Cntnap_het,OFT-0430-00,medium,5.101135340324016,41,1.870677010627053,0.37143490635001625,0.1985564072471874,0.215043731503251,0.21763146363472546,0.0026087239120303886,0.7044710312973288,0.011128546343594533,0.16245657698721042,0.08679256166540247,0.03005699868713849
Cntnap_het,OFT-0430-00,slow,4.055772357560256,42,1.7214878063183419,0.4740138452426771,0.2753512650527722,0.2978355375626858,0.2952089409885521,0.004836132885932247,0.896395318770833,0.014471748767456048,0.28503314988181994,0.149752449324638,0.0322941822170022
Cntnap_het,OFT-0431-00,medium,4.461372284712724,43,2.0094020199676605,0.4175748682733776,0.20781051483171997,0.2324194634459253,0.23206589475591483,0.0017269479490428963,0.8143850204591543,0.013187141806207399,0.10682512583330421,0.06000613381975581,0.02877952367720004
Cntnap_het,OFT-0431-00,slow,3.5723888320909802,44,2.124696096117792,0.41613808105037464,0.1958576955126594,0.22156089126765188,0.21965364961383266,0.001375526669694243,0.800673245273274,0.014138310099290922,0.07738389277723616,0.04576110143826354,0.030058862799663393
Cntnap_het,OFT-0431-00,fast,5.761619919586888,45,1.793407105497669,0.4331561229235636,0.24152693585060997,0.26421189203323237,0.2644749316567546,0.0034245664664915047,0.8478310538347983,0.012715789808825708,0.1979509268288011,0.10533335831881341,0.03251169924845972
Cntnap_het,OFT-0432-00,fast,5.646220193478613,46,2.0528395639220447,0.47083936237156454,0.22936003896573592,0.25676671175632815,0.25754560985962804,0.001434527903300935,0.9188252916229572,0.012645146042826058,0.10527485199677375,0.058959999019799904,0.024330527936732037
Cntnap_het,OFT-0432-00,slow,3.6735014645036976,47,1.3844778099931514,0.4069481463955336,0.2939361999579803,0.3052249682995859,0.30752006421630806,0.00686842493811353,0.7962927438865871,0.01315996890971662,0.41592963531628063,0.21454480211299862,0.03201394240488753
Cntnap_het,OFT-0432-00,medium,4.5557286452492605,48,2.0246991132934897,0.39871083110666866,0.19692349766385936,0.21773972701418848,0.21628390669254643,0.0019009956170384877,0.7474529101245759,0.011204933831500327,0.12802881780372752,0.06961687581761392,0.027306534438845256
Cntnap_het,OFT-0434-00,medium,5.008872565352931,49,1.603016180066369,0.4146884823481938,0.25869263673372567,0.27211758002542163,0.2762574914852216,0.004155389400620865,0.7893507060452768,0.010696437243324598,0.30856593705291424,0.1596311871481194,0.026031187732539637
Cntnap_het,OFT-0434-00,fast,6.335808939057269,50,1.8262524468155383,0.36344876067036824,0.19901342845788866,0.21844748565583644,0.2188238429820873,0.001913447852780025,0.7180081176298932,0.009199098886836518,0.14915071556828488,0.0791749072275607,0.024167352003084584
Cntnap_het,OFT-0434-00,slow,3.896154043239829,51,2.1363850792233148,0.3814276611721299,0.17853881534821353,0.2020077215517321,0.20285867423708376,0.0007500776937080596,0.7474267544307638,0.009644662397360691,0.05777818978297975,0.03371142609017022,0.022249954413135067
Cntnap_het,OFT-0436-00,fast,6.02550693549871,52,2.065966061320323,0.44896404873588747,0.21731433886622625,0.24462615199358612,0.24562995953512967,0.001094335793783388,0.8865462793603844,0.011244004593092093,0.08619759065247581,0.04872079762278395,0.022461368597783984
Cntnap_het,OFT-0436-00,slow,3.8809507766619484,53,1.7773512984726587,0.3770609537503092,0.2121476795692169,0.2345431749374809,0.2308817967649684,0.0026158084908925665,0.7497322695688733,0.011235484630376661,0.16746379267727113,0.08934963865382389,0.029276094792361176
Cntnap_het,OFT-0436-00,medium,4.992757316707095,54,1.6723223068569355,0.4326837859307167,0.2587322935038336,0.27574749540337473,0.274835383186085,0.0038947984788276655,0.827364013732254,0.011198015323996417,0.27944809269369775,0.14532305400884707,0.026800967715628628
Cntnap_het,OFT-0439-00,fast,6.022451306265723,55,2.0175723402412005,0.3150684522705975,0.15616215884131873,0.17294050531483307,0.17573799535058388,0.001089515075566871,0.6158236940871521,0.00844838698023766,0.07874018593695764,0.04359428645859765,0.024992152964852514
Cntnap_het,OFT-0439-00,medium,4.812852817216909,56,1.8757034303251472,0.41571660338576094,0.22163237357501542,0.24626268970741755,0.24563157243454115,0.0020244997239777748,0.8314362174009574,0.012137490132845359,0.137973401947654,0.07505544604024968,0.02697338875172502
Cntnap_het,OFT-0439-00,slow,3.693556530330783,57,2.0750118054813957,0.3730986022354584,0.17980553231064667,0.20393082827958336,0.2040848750043664,0.0018579740533303957,0.7012882853457614,0.013298068510889553,0.09942433629501116,0.05636120240295035,0.03296547933890665
Cntnap_het,OFT-0442-00,fast,6.007595542094778,58,1.3785991580808714,0.4338799711069617,0.31472525466427814,0.32553818435393256,0.3262224618985943,0.0073342304031030255,0.8322582999228703,0.013314199720151607,0.4655716468323291,0.23944292327624037,0.030630391171100408
Cntnap_het,OFT-0442-00,medium,4.856672622530437,59,1.9401233418220514,0.45753867487263283,0.2358296841287106,0.26215522331534896,0.2622012550745587,0.0024799691587557076,0.8962523686744237,0.01515011462884192,0.14029077942478246,0.07772044702681219,0.031908838068059
Cntnap_het,OFT-0442-00,slow,3.985192930099218,60,1.4929451359699988,0.45317888936096684,0.3035469143790918,0.32012163678976524,0.32016010136234896,0.007005484155901692,0.8718477783861821,0.015210361673592599,0.39494002079162827,0.20507519123261042,0.034160563809766675
Cntnap_het,OFT-0443-00,fast,5.508876934446175,61,1.2734455040919543,0.4120516404148205,0.32357226052530524,0.3346701845317295,0.3342114174439932,0.007628846730850766,0.8056669327784989,0.012071351452380034,0.5131616010842489,0.26261647626831447,0.029049383493579422
Cntnap_het,OFT-0443-00,slow,3.387029634646398,62,1.9251552826791827,0.4317088484274327,0.22424624772430618,0.2503119895347622,0.2491524516110965,0.0019265872740989206,0.8518775890596524,0.012316312855851821,0.13459580205918503,0.07345605745751843,0.026227752220613212
Cntnap_het,OFT-0443-00,medium,4.231772461940161,63,2.122468745039549,0.39000860532356857,0.1837523432253422,0.2122629332854819,0.2081378018443319,0.0010403150299352496,0.7599131722279067,0.012220274343703775,0.06496374234893619,0.038592008346319984,0.026956747640588932
Cntnap_het,OFT-0444-00,fast,5.943837692964424,64,2.1450893810869385,0.4362414768165844,0.20336750564470016,0.22835263545407453,0.22940945048160227,0.0010975266735310963,0.8376099540224233,0.011264263855941398,0.0799352636128468,0.045599763734394096,0.024068692108228523
Cntnap_het,OFT-0444-00,medium,4.43822234871993,65,1.7191442196631548,0.3778567571510166,0.21979351867585198,0.240780207798523,0.2392698902910298,0.0027725259144069495,0.757861750542979,0.011224419747705881,0.1863469977358986,0.09878570874180224,0.02806606289229087
Cntnap_het,OFT-0444-00,slow,3.55337635046981,66,2.06568698271703,0.3775194940737256,0.18275735735003198,0.2060336961825357,0.20663921200521923,0.0011000154672636052,0.7505112906790186,0.012505590031578785,0.06429360158411342,0.038399595807846104,0.02864653765545213
Cntnap_het,OFT-0446-00,fast,6.352122646054872,67,2.0976312323008797,0.42376671479088507,0.20202155091200552,0.22737532150809486,0.2279167184221199,0.001043333238791556,0.8274606978007356,0.010854173839116486,0.07960058070881816,0.04522737727396732,0.02306862130146322
Cntnap_het,OFT-0446-00,medium,4.9191704834901175,68,1.8396962416105922,0.3466000117532055,0.18840067393395815,0.21473343406521317,0.2075596672808518,0.0016247384457922654,0.7041663481352146,0.008964710557704154,0.11794656750674543,0.06345563903222479,0.02560431934137755
Cntnap_het,OFT-0446-00,slow,3.854507052690531,69,1.821279843186412,0.41652910839367246,0.2287013222882519,0.2510606647805404,0.24850027563787164,0.0025340331933555913,0.8123687699435851,0.01136375328649552,0.18245262578228177,0.09690818953438865,0.026148803372870455
Cntnap_het,OFT-0447-00,fast,5.704234501339817,70,2.0129043078530033,0.450573711455721,0.22384258888904177,0.24730153091728785,0.24656780208965345,0.0022133441677438417,0.8505481584519321,0.013268436523040794,0.14270597769678964,0.07798720710991522,0.02838086206400946
Cntnap_het,OFT-0447-00,medium,4.199608859795005,71,1.380879391113007,0.40577856362916853,0.2938551811553257,0.30770070151009876,0.30663106872530543,0.007619553864436221,0.7943032515918147,0.014412233759673168,0.41504737664230057,0.21472980520098686,0.035484379345030036
Cntnap_het,OFT-0447-00,slow,3.4433254813592,72,1.9132991624340954,0.34572196510106157,0.18069414960765193,0.1988608536034357,0.20037102015185598,0.0022042902759145107,0.6730026234857275,0.012636772472921016,0.1174468199427497,0.06504179620783536,0.03389036595592924
Cntnap_het,OFT-0448-00,fast,5.710758651977436,73,1.829644132924241,0.4021979189871682,0.21982303101989167,0.24149581245026797,0.24281695651067894,0.0022083308241781906,0.8017074829809602,0.011258869042602163,0.15530488521546457,0.08328187712903337,0.026516343054524306
Cntnap_het,OFT-0448-00,slow,3.4768431125986274,74,1.971373225394266,0.36743215289890996,0.1863838608366131,0.20421109973507207,0.20879228623017695,0.0021285885210764926,0.7010920676898136,0.012485247062781712,0.12035368610392914,0.06641946658335543,0.03204766058163304
Cntnap_het,OFT-0448-00,medium,4.542857955646265,75,1.9082985567634623,0.37102188699564737,0.19442549263617995,0.2176740899327606,0.21723744194307704,0.0018671820981815898,0.7439702247805018,0.01214490286083538,0.10801785798493499,0.06008138042288518,0.031077549900474233
Cntnap_het,OFT-0450-00,fast,6.2769105751113985,76,1.5035942324110525,0.45468703966222374,0.3024000956249488,0.31738920794600395,0.31946607417784173,0.004965576840512299,0.8798369729364762,0.011251429140014977,0.38968987560142887,0.20047065237072192,0.02476959485984845
Cntnap_het,OFT-0450-00,medium,4.995799393024745,77,1.7647022883185894,0.4292120722196156,0.24322066960573244,0.2661627208167119,0.26371788194514956,0.00298640529964078,0.8359366498431458,0.011061937782926877,0.21589338680415784,0.11347766229354236,0.02631712038546926
Cntnap_het,OFT-0450-00,slow,3.9724497465136785,78,2.073369860440581,0.4055704731806332,0.19560932225302602,0.22175153555298666,0.22189734679743414,0.000910834844671087,0.8087919217315428,0.011106431173241012,0.06660867672645278,0.0388575539498469,0.023440354630831717
Cntnap_het,OFT-0452-00,fast,6.721596286828358,79,1.2640547192216636,0.45018076899125425,0.35614025417226497,0.36511383702350564,0.36610084404851767,0.009513158374480966,0.8641276407552947,0.014021679989789908,0.5839187949789889,0.2989702374843894,0.031819750536130516
Cntnap_het,OFT-0452-00,slow,3.9614973015680253,80,1.5822121266378466,0.4396157175010401,0.27784878531756063,0.29646440695997095,0.29670396099522256,0.006195107231966779,0.8620084467735608,0.017002054470218853,0.3070729988862359,0.16203752667822738,0.03823254624386464
Cntnap_het,OFT-0452-00,medium,5.114435059569729,81,1.6580496415891468,0.3926109723421384,0.23679084298455802,0.25049225050569357,0.25336966269691025,0.00543198528561568,0.7290000412331653,0.013213623962576785,0.27742778613566427,0.14532070504912054,0.03737929349970872
Cntnap_het,OFT-0454-00,medium,4.79089923142389,82,1.9425115745359405,0.4465816717458281,0.2298991046436956,0.2532055476487095,0.2534221792185243,0.002631244677046691,0.8567976997099707,0.012791553042327077,0.15571720469650405,0.08425437886941556,0.031229767667325787
Cntnap_het,OFT-0454-00,slow,3.9120397224187706,83,1.9835527992501922,0.46542985124679775,0.23464454862141107,0.26094697451471144,0.2607090733196581,0.002745194026344148,0.8965830975136543,0.01412810541881938,0.14051444883951997,0.07732127712916967,0.03550373361989537
Cntnap_het,OFT-0454-00,fast,5.973392990427861,84,2.0327428442096402,0.3663140800749709,0.18020679847351725,0.20127429051679313,0.2010543501748915,0.001337860712563972,0.7083944418526223,0.010075469215316416,0.09407306291429324,0.05207426606480483,0.025691398336734027
Cntnap_het,OFT-0492-00,slow,3.8562229072472958,85,2.277959377129364,0.3879519818133148,0.17030680428647665,0.19470175826628883,0.19208004510194931,0.0005418769788456354,0.739214954728112,0.009747021565997865,0.04054595263637004,0.025146487101183952,0.021548814220659972
Cntnap_het,OFT-0492-00,medium,4.7296063036216545,86,2.138242975919078,0.45090014958377556,0.21087414043297198,0.2376975631364464,0.23550190074037752,0.0011523277073752676,0.8626978214284186,0.011291344769576396,0.08836807240191959,0.04982970858574799,0.023125314999430876
Cntnap_het,OFT-0492-00,fast,5.654939459557599,87,2.011331108785606,0.3877669310202833,0.1927911964999178,0.21729652630611285,0.21812574407029628,0.0010532658352044027,0.776671806044903,0.010075027195019359,0.08085255418472742,0.04546379068987339,0.023167136290705454
Cntnap_het,OFT-0493-00,slow,4.12086859048189,88,1.987871175342176,0.43120433962390325,0.21691764787005335,0.24234015741490667,0.24961075278137687,0.0019977077219783383,0.8738458739467084,0.015479675549611834,0.08349068013883972,0.04948517784422578,0.0403698199947248
Cntnap_het,OFT-0493-00,fast,6.340619694007845,89,2.1542188228713774,0.44756486986258526,0.2077620272883987,0.23317004538399205,0.23192161624786595,0.001452798325446281,0.8438586250578024,0.011298968502309778,0.09433913855512963,0.052819053528719705,0.027505194212848586
Cntnap_het,OFT-0493-00,medium,5.258666510176993,90,1.7430048408985293,0.3806147069684721,0.2183669821434707,0.23823015333851716,0.23698048005966646,0.0027416119781981958,0.750321562668826,0.01107925797359681,0.19044935836576238,0.1007643081696796,0.027208165549864393
Cntnap_het,OFT-0494-00,slow,3.8078825215000527,91,2.0637655450681565,0.3926440406605672,0.1902561274941723,0.21565855257486882,0.2133250744040811,0.0009769776157372467,0.7825903191078677,0.011516938755359534,0.06713423108092206,0.039325584918140796,0.024843307932250727
Cntnap_het,OFT-0494-00,medium,4.747697576294712,92,2.0071847866599044,0.456879681924767,0.22762213273101115,0.25200713577176903,0.2531610820694552,0.0020743421666532965,0.87181281396185,0.011706070761583783,0.13952407863083557,0.07561507469620968,0.027432918303488447
Cntnap_het,OFT-0494-00,fast,5.636180271057237,93,1.968102111332249,0.4510910845556031,0.22920105718003128,0.2524598233804427,0.2538927294832328,0.0021931600872618783,0.8631687407251715,0.011391496647849494,0.15099584494762816,0.08119367079773883,0.027011466111998422
Cntnap_het,OFT-0496-00,medium,4.785485518995218,94,2.0530231413394198,0.4708066564718583,0.2293235994235787,0.2561941371763453,0.25699026009305403,0.001356420221725532,0.9115750647208792,0.01081328880063558,0.11429115247521425,0.06255222063792491,0.021684605404770317
Cntnap_het,OFT-0496-00,fast,6.358889155687538,95,2.218663444897169,0.4154021149023705,0.18723079242044463,0.21249284792810152,0.21208035690025756,0.0007066694815474643,0.7920139273303879,0.009143228444486978,0.06114500566631906,0.03514411705540302,0.020107760295512152
Cntnap_het,OFT-0496-00,slow,3.7412277640817058,96,2.0043428170191464,0.3880802725628074,0.19361970879809845,0.21874694165728353,0.21765283314851502,0.0010402251320396146,0.7777445224231744,0.009738119676026601,0.08318624984350749,0.046462184759767045,0.022388640082641482
Cntnap_het,OFT-0498-00,fast,5.643586528456108,97,2.1255057960133215,0.39482926041800137,0.18575779052616934,0.21036237926013768,0.2115300215656812,0.0006780695680105552,0.7812717946154842,0.009409759435846507,0.05620727343125215,0.032808516433549324,0.02066748642487153
Cntnap_het,OFT-0498-00,medium,4.569643096839704,98,1.6885113806921965,0.2770969162231934,0.16410722450067167,0.17797294675331957,0.17882816568697343,0.001863856606898156,0.5590157073644375,0.006916864999674637,0.14512731489293731,0.07602208994630598,0.024517302907807303
Cntnap_het,OFT-0498-00,slow,3.7769736908429072,99,2.213199803134478,0.3434012003735216,0.15516050556627306,0.17469470061027964,0.1774101703262559,0.0004988341771493882,0.6664624249160414,0.008383345621792423,0.03941776495373378,0.023900555287763102,0.02087123797516066
Cntnap_het,OFT-0499-00,fast,6.095724795141943,100,2.054991804545187,0.41357217734294516,0.20125247041288197,0.22663467293458187,0.22767492648071896,0.0009590845224607654,0.8190068780523273,0.009670486921416487,0.0815332856203548,0.04560188627088565,0.02103168532905818
Cntnap_het,OFT-0499-00,medium,4.864069031847051,101,2.081791683663454,0.43263369502053933,0.20781795720271487,0.2345222546901164,0.23494274434310464,0.001006685142648661,0.8541520488696912,0.011097558105487822,0.07742340560194419,0.044260481853716005,0.022744559039728166
Cntnap_het,OFT-0499-00,slow,3.8451931197128477,102,2.1742704701707263,0.3821133927753586,0.1757432656229538,0.19601010284067763,0.1994578302899752,0.0006618200627358413,0.747273673740285,0.010059524783501073,0.0481631074814957,0.029111316132498385,0.022734116854202246
Cntnap_het,OFT-0500-00,fast,6.324235073595417,103,2.077642961887615,0.41963958161333437,0.20197867935503047,0.22493540940361684,0.22766664733174058,0.0017478409565604021,0.8179248548656624,0.010597241498493429,0.08647523122855763,0.04853623636352553,0.03601105251485643
Cntnap_het,OFT-0500-00,medium,5.053529723287009,104,1.4192729855292805,0.45214229281099866,0.31857316909500966,0.32944078660394405,0.33164435186246144,0.006468412275945544,0.8621342137977317,0.011793766157183598,0.46068084600717263,0.2362373060821781,0.027380994065752787
Cntnap_het,OFT-0500-00,slow,3.8510944223578343,105,2.225473765034747,0.3801256981293904,0.1708066408607856,0.1948193593719817,0.19451457918597115,0.0006941718337712883,0.730327577324978,0.011025806169178124,0.04583853674951746,0.02843217145934779,0.024415012928710438
Cntnap_het,OFT-0501-00,medium,4.241511122924918,106,2.00695247196998,0.39217749459659224,0.1954094579089058,0.21679538748404997,0.22135396209268698,0.0012995307335519843,0.7743838873568302,0.010624809803369814,0.09371362208571443,0.05216921594454212,0.024909914976169765
Cntnap_het,OFT-0501-00,fast,5.583717386198095,107,1.7261057995029139,0.35547999839200045,0.20594334280921367,0.22365154389566036,0.22173201781373164,0.0025999693711390055,0.6901105352625732,0.008607860796807316,0.19722333359772848,0.1029155971972679,0.025263122810776705
Cntnap_het,OFT-0501-00,slow,3.4877564368684877,108,1.9938883315415692,0.3464970611569249,0.17377957214335654,0.1947403958298483,0.19197278254487976,0.001533790614291815,0.675196636753133,0.01066192276722811,0.09408468294555743,0.052373302856392766,0.02928573396444861
Cntnap_het,OFT-0502-00,fast,6.341144056981064,109,1.8639935323670562,0.46215955449145574,0.24794053545055306,0.272423778196716,0.2722947970850682,0.002167685887479108,0.9014920606169878,0.010509592066426123,0.18470231275177046,0.09760595240909829,0.02220854193803295
Cntnap_het,OFT-0502-00,medium,4.8898547831983565,110,1.9174150844595148,0.33073446083382946,0.17248975639881212,0.19415021397364662,0.19202249701202728,0.0013813187992849283,0.6652620257956785,0.008262293154594532,0.09417574006319918,0.051219016608896856,0.026968866072391365
Cntnap_het,OFT-0502-00,slow,3.776456536022505,111,1.7931347773856812,0.4628263371617563,0.2581101783305651,0.27994189670409136,0.27784602193354185,0.003887736463970039,0.8798736265959983,0.013441562253217965,0.23759586742466973,0.12551871483894383,0.030973360976157938
Cntnap_het,OFT-0503-00,fast,5.591650731018118,112,2.2250406344836637,0.44453637628524134,0.19978798112529714,0.22476017183787333,0.22773237493130383,0.0008441070942691466,0.8420466443313815,0.010136383369426558,0.06849898728608322,0.03931768532775489,0.02146889083710327
Cntnap_het,OFT-0503-00,slow,3.6747030285166944,113,2.0705782043881955,0.37085705084306597,0.17910796610198312,0.2017694225940161,0.19978222402199106,0.000968068057238234,0.7279711570852012,0.009672875402740115,0.07369430623329458,0.04168359081801735,0.02322420017662671
Cntnap_het,OFT-0503-00,medium,4.541826739180959,114,1.8851353995239495,0.38698938352465434,0.2052846621109445,0.2262956609520865,0.23049002336228153,0.002663213963054343,0.7755193289159835,0.010091186610327476,0.12371727966126737,0.06690423313579742,0.039806359601323615
Cntnap_het,OFT-0505-00,slow,3.2238593037213965,115,2.085823951726133,0.3792801867690008,0.18183710396801506,0.20258603705820855,0.20370229386357538,0.0013036830314443718,0.7316037352030393,0.011783342957157189,0.08137919608091242,0.0465812695190348,0.02798727997122619
Cntnap_het,OFT-0505-00,fast,4.638448999329148,116,1.7952911795104747,0.44183733932637115,0.24610901249280784,0.26882679954300004,0.2661327795576915,0.0031376166270971908,0.8540647156445845,0.01201336040453225,0.21308452071179879,0.11254894055816551,0.027877797974256935
Cntnap_het,OFT-0505-00,medium,3.895579707246394,117,2.136168219883776,0.36055606143346497,0.16878636152216606,0.19089337161491127,0.1922527049471333,0.000634173995846643,0.7148812612741186,0.0099112177745146,0.04560364299983372,0.02775743038717416,0.022846999416043748
Cntnap_het,OFT-0506-00,medium,4.947604029399045,118,1.405201881296938,0.4725842356176913,0.3363105628505972,0.3526835444568467,0.3500205194337639,0.006881899228730379,0.9203502170300148,0.013137454776882536,0.47300951675030783,0.2430734857635952,0.028312011106894127
Cntnap_het,OFT-0506-00,fast,6.506323994089744,119,1.9454226042210587,0.3826480871263223,0.19669149844156017,0.2173335382447268,0.2175046275988584,0.0016398666626682872,0.740777131793955,0.009177030198026409,0.12815025945397193,0.06866364482599917,0.023882604350874182
Cntnap_het,OFT-0506-00,slow,3.741755535950418,120,1.6035562213576315,0.46695372177454947,0.291198846386071,0.31136420939283704,0.30835340085561136,0.005950305101680024,0.8718643741904781,0.013825834215077135,0.3610323097312879,0.18742907197318254,0.03174696987525712
Cntnap_het,OFT-0507-00,fast,6.703771189253085,121,2.030999274829454,0.4666956252263247,0.2297862096802146,0.25417210404678864,0.2527635888323489,0.002244385458191048,0.8775485457218628,0.011437764753993674,0.14636885055986631,0.07890330765692999,0.02844475757530459
Cntnap_het,OFT-0507-00,slow,3.790215651273955,122,2.1930865565081996,0.4130658786201114,0.18834909976275122,0.21510793500465725,0.21111087623547697,0.000891290823424257,0.7968792972481483,0.012901583829160764,0.05508261657895179,0.033992100204056276,0.026220528242556173
Cntnap_het,OFT-0507-00,medium,5.002334102689358,123,1.9435822711773896,0.44171739684207284,0.22726971911226987,0.2518221296867582,0.24960205414552555,0.002680291664400755,0.8437146462879558,0.012482292630338225,0.1574254847312862,0.08495388868081222,0.031549958524807686
Cntnap_het,OFT-0508-00,fast,5.2756898596576836,124,2.0486223623826527,0.40445968519018355,0.197430084049154,0.22151377025723912,0.21670352328420112,0.0016338620878237268,0.7685741649136862,0.010237859809587902,0.1127892499560329,0.0615135548828104,0.026561009048109818
Cntnap_het,OFT-0508-00,slow,3.4418619402801114,125,2.074782436150813,0.4483098382679189,0.21607558964092363,0.24385233554520888,0.24200526859878463,0.0013002754552513022,0.8773515458637449,0.012806196404883232,0.08896146515331294,0.05088383077909808,0.025553804329241377
Cntnap_het,OFT-0508-00,medium,4.148238166509571,126,2.1048656616675343,0.38750886478124696,0.18410147110018008,0.2080475984081997,0.207144095526724,0.0010991980411586555,0.7523312446635986,0.01122684096317196,0.07345229757332467,0.04233956926824831,0.025961483788239113
Cntnap_het,OFT-0510-00,fast,5.703081364826591,127,2.1670147325975537,0.3951816166943766,0.18236221967013622,0.20709478843581097,0.2050656812164976,0.0007697452111951988,0.7626559741517878,0.00932869536759863,0.06310416246208324,0.036216428914840934,0.021254033991180424
Cntnap_het,OFT-0510-00,slow,3.8686793998492313,128,2.062010741815009,0.4655127537253764,0.2257567064445193,0.2527961374997121,0.2566280764495893,0.001346443048014341,0.9121083709653146,0.012815700242927911,0.09663433516224909,0.0547250177025885,0.024603793740767564
Cntnap_het,OFT-0510-00,medium,4.635998223480779,129,2.1377870670328587,0.39419668545971587,0.1843947376886516,0.20885916024889298,0.2099062774390241,0.0006908470589859113,0.7790495217945288,0.010250565731982172,0.052488990054641686,0.031369777893311926,0.02202269526215551
Cntnap_het,OFT-0511-00,fast,6.14681879546601,130,1.9630939904860611,0.38500936385626205,0.19612375450292827,0.21934338148232618,0.22009259306199785,0.0012801006493030032,0.7660141736535706,0.009596858704944871,0.10204668968056149,0.05582177419275318,0.022931923390374552
Cntnap_het,OFT-0511-00,slow,3.8232396080283872,131,1.3675567134310136,0.40169564900538085,0.2937323513242688,0.3051569678920747,0.3101083465896852,0.005360130702793921,0.797308208750166,0.010206017539584507,0.4160366971450867,0.2131213573423356,0.02515060325082284
Cntnap_het,OFT-0511-00,medium,4.711845124911103,132,1.8118822891336677,0.37587465416418253,0.2074498196811135,0.22607489639836595,0.22602767841126434,0.002291620653031849,0.7269913954492986,0.009777516319153717,0.17495116354450443,0.09236433993182908,0.024810664534854195
Cntnap_het,OFT-0516-00,slow,3.6081503658056975,133,2.2505588291113345,0.4391400452556253,0.1951248905717457,0.22106741314478073,0.22234066026284666,0.0006362242750055675,0.8434119204190921,0.011317067476120522,0.04714192745870435,0.029229497467412435,0.021766514313661573
Cntnap_het,OFT-0516-00,fast,5.390534779958433,134,1.9421147123340536,0.4013140156254832,0.2066376476511935,0.2292796514591276,0.23065963665402775,0.0015479741149329116,0.7895791121488916,0.009857253085807205,0.12290443524228692,0.06638084416404706,0.023319590680519236
Cntnap_het,OFT-0516-00,medium,4.4803534345507225,135,2.030654469739403,0.39722316069703956,0.19561336830879741,0.22026706547024683,0.21963321842627181,0.0010956860411051,0.7858723958193805,0.01004423680572185,0.08624605076310361,0.04814514378441273,0.022757976297909297
Cntnap_het,OFT-0519-00,slow,4.352340371173767,136,1.9551817913402183,0.393047747464954,0.20102874791787603,0.22128429048342074,0.22235548422633475,0.0019740032417141524,0.7504724618586271,0.010921894295087617,0.13675613204961434,0.07383901317235098,0.02673387897406676
Cntnap_het,OFT-0519-00,fast,6.6164717970703455,137,1.9290623072074506,0.40946972490944616,0.21226360775365663,0.2374080391680386,0.2377881993542755,0.0015032768718216572,0.8246139581512263,0.01040698940513544,0.11113326516433787,0.06077012728473666,0.02473710256978889
Cntnap_het,OFT-0519-00,medium,5.490033306709713,138,1.775142811046794,0.4581295966082684,0.25808041683030075,0.2725615737668714,0.27828965868463595,0.005231105448813844,0.8400442251676721,0.01180615143242639,0.27526477516127457,0.1435354632968505,0.03644468989517399
Cntnap_het,OFT-0520-00,medium,4.43758743732986,139,1.5563564596363004,0.38881320415351583,0.24982272007556433,0.2619064501104654,0.2643496425079061,0.004607266862453527,0.7438390631344558,0.011083014732921124,0.3092567776114027,0.1601698961721619,0.02876487387805578
Cntnap_het,OFT-0520-00,fast,5.866541867966123,140,1.4829016679254468,0.40914762678381245,0.27591015347376524,0.29399544833766333,0.2918949408015114,0.004568500970305976,0.8107487755014735,0.010308525112428583,0.3446335489658766,0.1774710370391526,0.02574223403730999
Cntnap_het,OFT-0520-00,slow,3.456898749223464,141,1.292703082490547,0.33002208315773635,0.2552961214588499,0.26477747939041574,0.2653070190466181,0.006141604909815845,0.6492704730705056,0.010158145749882478,0.3929772429546386,0.20156769435226055,0.03046919264295771
Cntnap_het,OFT-0523-00,slow,3.485126435349816,142,2.061043347408512,0.4728686734354186,0.2294316973148518,0.25608451702914803,0.25595188907275823,0.001671915143807178,0.9079778154836505,0.012862427753177842,0.11693311893905502,0.06489777334611643,0.025762288251253655
Cntnap_het,OFT-0523-00,fast,5.597906798853214,143,2.0586486938204906,0.4322120191515108,0.20994938109105013,0.23479836235501472,0.2358199099765868,0.0012103674113497873,0.8417950854394388,0.010464356302657683,0.0974590342409845,0.05396169527182109,0.022430122057003715
Cntnap_het,OFT-0523-00,medium,4.40688470004899,144,2.1911671667294352,0.4268221749126703,0.19479215524653495,0.22160023876891904,0.2204568577423304,0.0008905587441104206,0.8216863746606123,0.011047936281519809,0.06155876113296485,0.03630334870724233,0.024531035725989615
Cntnap_het,OFT-0529-00,medium,4.008581415507677,145,2.138046766646109,0.4325741955957711,0.20232213922726186,0.2288134985864269,0.22828806132813242,0.0009464956681352886,0.8407537938480738,0.011046688132813651,0.07166760744427918,0.04135714778854641,0.02288590289094874
Cntnap_het,OFT-0529-00,fast,5.103546087752775,146,2.115106975738413,0.41619504219221354,0.1967725731919134,0.21923432163650167,0.22256992064535108,0.0010831051838264987,0.8038823943218212,0.010249529195754118,0.08158649856640171,0.04591801388107791,0.023587805575206493
Cntnap_het,OFT-0529-00,slow,3.2569308205793916,147,1.9908112295390936,0.42916231204630845,0.21557157488290177,0.24160778224241297,0.24226874408281968,0.0014080524313082841,0.8533512792988884,0.011773025771503257,0.10254931061161071,0.057161168191556984,0.02463302405908949
Cntnap_het,OFT-0534-00,fast,5.4408879903484495,148,2.001456191293473,0.4570518381080429,0.22835965138595707,0.25253865523059565,0.25235723082103495,0.002053851719200985,0.8678633090823143,0.012288574290553123,0.1455789638128024,0.07893376905167776,0.02601993726989437
Cntnap_het,OFT-0534-00,medium,4.262129520796155,149,2.0792009225198,0.43195815945038374,0.207752004518587,0.2349694365667164,0.23360886215375215,0.0013208649604522498,0.842420772238435,0.01284081971655499,0.08652863862480398,0.04968472917067948,0.026584928256622835
Cntnap_het,OFT-0534-00,slow,3.508535833648653,150,2.061584459502732,0.44637138042897234,0.21651859974567333,0.24185800642103006,0.24252216158465245,0.0018101591408981334,0.857252335553289,0.01454844862590923,0.10738984600424689,0.06096914731507806,0.029689756550859116
Cntnap_het,OFT-0539-00,fast,5.261557619610362,151,1.91953453461021,0.4404887667024766,0.2294768647087271,0.2526571803592765,0.2533260475097318,0.002289261041968564,0.852009242720539,0.012233352686649853,0.1568815533826257,0.08455745303463777,0.027073438943706125
Cntnap_het,OFT-0539-00,slow,3.501708021876196,152,2.093008349030585,0.4028164434041583,0.19245811589367529,0.21782528707386323,0.21572135612920712,0.0011856000113983185,0.7911010682505981,0.013653861355018919,0.06907109771292712,0.04136247953397302,0.028663659063875208
Cntnap_het,OFT-0539-00,medium,4.215350843767039,153,2.0225847238423924,0.45471457734680365,0.22481855617052351,0.25021773549779824,0.24739335449532723,0.002273241173718446,0.8702979205924184,0.01339807442416326,0.12825299907993407,0.07082553675204867,0.03209634939551222
Cntnap_het,OFT-0542-00,fast,5.113121133925638,154,1.8018819108694881,0.45379065607882507,0.25184261706687033,0.2754795971673725,0.2730623607269248,0.0031081275667241923,0.8775688050147663,0.011625611391186159,0.21604194380078218,0.11383377759598416,0.027304088754354413
Cntnap_het,OFT-0542-00,medium,4.190516252278414,155,2.0742941333696168,0.3625255116315298,0.17477054280755258,0.19944246518316944,0.19698196530586437,0.0008324851345235675,0.7211253243479818,0.009791672546679639,0.06121017361301403,0.035500923079846834,0.023449675735224832
Cntnap_het,OFT-0542-00,slow,3.461212518631052,156,2.132912619960644,0.3093002526033359,0.1450130913516012,0.1633698889983653,0.16482110330285057,0.0006872434740579482,0.6004663130170922,0.0077461773166793806,0.05329621222444264,0.030521194770561012,0.02251692567162619
Cntnap_het,OFT-0586-00,slow,3.588750013769067,157,1.6558047391603725,0.4448471019129606,0.2686591549064742,0.2917729165684666,0.28835790422256313,0.004552118641449462,0.8764652001465976,0.014854506398548632,0.26685876794254426,0.14085663717054644,0.032317388323972594
Cntnap_het,OFT-0586-00,medium,4.988278992316677,158,1.8902782625750403,0.4673811925295324,0.24725523314902867,0.2702767080605252,0.27213033016490834,0.0027876580222819685,0.8956857669486049,0.01296316504203581,0.18764732227344372,0.10030524365773977,0.02779174767566468
Cntnap_het,OFT-0586-00,fast,6.6446041385629595,159,1.5062052759837428,0.4346105945892941,0.2885467216979693,0.3053760262677929,0.3049746721339409,0.004815660858091487,0.8526147608716261,0.011393888995389718,0.3583945125124324,0.18489420075391105,0.026045494333816317
Cntnap_het,OFT-0597-00,medium,4.12831201311493,160,1.9030523377651831,0.4360330181487999,0.22912297759548106,0.2535362074484495,0.2501801032392614,0.00286084088254759,0.8370596088358598,0.012243312454484255,0.16778316848569225,0.09001324047008825,0.03178244520036203
Cntnap_het,OFT-0597-00,fast,5.293297473154749,161,2.202641996716228,0.4398334992310829,0.19968451518076988,0.22647978876446168,0.22546427970810481,0.0009128505424911888,0.8423544156839878,0.011749091612913645,0.06379619490884357,0.037772643260878605,0.024166975453280882
Cntnap_het,OFT-0597-00,slow,3.2805133786424694,162,1.874013083314285,0.430705293979979,0.22983046266585042,0.25469704203399457,0.25356916477429564,0.0024609352546730405,0.8564062025114867,0.014287664716343967,0.1466044638379623,0.08044606427715313,0.030591120607151343
Cntnap_het,OFT-0607-00,medium,4.396494622138709,163,2.1022515406863187,0.36943459189453776,0.17573282014288785,0.19949376463648416,0.20030478374346394,0.0007815369297243864,0.7376650569044285,0.011573320956942185,0.04976225165628143,0.030667786306611808,0.025483969462637455
Cntnap_het,OFT-0607-00,fast,5.668646954233612,164,1.426180052973823,0.4400547676624978,0.3085548467354527,0.3213159297511021,0.3217828194410475,0.006145210904485919,0.8419012298794556,0.011512111966797694,0.4404107946545942,0.22596145331069595,0.02719583722997339
Cntnap_het,OFT-0607-00,slow,3.325577428623779,165,1.9666982325617188,0.34609528001885764,0.17597782633284412,0.19739541342144973,0.1973813321790199,0.0014559976379043226,0.691244365948158,0.012009982897309082,0.08425968569101179,0.04813483429416043,0.030248315160003772
Cntnap_het,OFT-0611-00,fast,5.281478334592445,166,1.9675470121943224,0.40551511567685955,0.20610186855185006,0.23107961254668136,0.23228938773317842,0.0013594617664561583,0.8175616440639566,0.011855390273001101,0.09333760166649108,0.05259649596974609,0.025847002569109
Cntnap_het,OFT-0611-00,medium,4.139349874227589,167,1.6164314563264774,0.4142656886337493,0.2562841047248701,0.2762703398930405,0.27554437112986735,0.004363326683146518,0.8251194885078482,0.013804586756140992,0.2608398089067841,0.13732219783146254,0.03177437262183708
Cntnap_het,OFT-0611-00,slow,3.349823637401511,168,1.7608276054270888,0.4425096070207212,0.25130774055157457,0.2740492991855592,0.27103011130103066,0.0043960862316833275,0.8462904964208633,0.013885750732343993,0.23625956205598095,0.12507265639416248,0.03514825988687089
Cntnap_het,OFT-0641-00,slow,3.881651934875691,169,2.2158120234247654,0.3371666817244126,0.15216393726543953,0.17345017582537545,0.16772105636528548,0.0010028311582553336,0.6340675338775318,0.011213675417746101,0.054873080837711335,0.033043378127728715,0.030348929651771796
Cntnap_het,OFT-0641-00,medium,4.887931023504972,170,2.0681562563118043,0.4571710689520316,0.22105247974218176,0.24585878813614276,0.24392276098593038,0.0023132448779764965,0.8509166515880933,0.01446113972744099,0.13457817738014122,0.0745196585537911,0.031042075646478026
Cntnap_het,OFT-0641-00,fast,6.108657740213882,171,1.6755118800494104,0.3676483731023096,0.21942450989453308,0.2364718919060974,0.2373792034668304,0.002979720169707378,0.7241819793903028,0.009999429416000285,0.21464884220601016,0.11232413581100523,0.026527870864023445
Cntnap_het,OFT-0643-00,slow,4.103332619505022,172,2.1543913753173864,0.4392272298917198,0.20387531946325796,0.22981693536438091,0.23031866149451088,0.0011587025162126904,0.8430691048555853,0.01305454811693342,0.07589487757853136,0.04447471284773239,0.026053063460572033
Cntnap_het,OFT-0643-00,medium,5.291180821030827,173,1.6616794649060953,0.362806928409874,0.21833749292338817,0.23199861421741202,0.2375510974273588,0.0031959617900517777,0.720046694018324,0.011031222817378719,0.21131081081104117,0.11117101681420995,0.028748156503712645
Cntnap_het,OFT-0643-00,fast,6.607459091472774,174,1.3577095506609236,0.4209221291979139,0.3100236932067038,0.3226372589913911,0.320806629370219,0.00669733834470285,0.8136992526833494,0.011808091577217123,0.4633393082171511,0.2375736998971841,0.028190571378908055
Cntnap_het,OFT-0644-00,slow,3.546450424986764,175,2.011493044185203,0.3646685457529239,0.1812924716827149,0.2044335053273834,0.20421379948017537,0.0011099709775139908,0.7301928763748928,0.010814396507533072,0.07474067990602432,0.042777538206778695,0.025947518815799934
Cntnap_het,OFT-0644-00,medium,4.553083220047611,176,1.5781487082614214,0.43263532976630736,0.2741410410194633,0.2884472500369286,0.29042271038024625,0.005106150242022462,0.8154489732279044,0.011659384067660174,0.3435968009136882,0.17762809249067418,0.028746298912659576
Cntnap_het,OFT-0644-00,fast,5.946931528262291,177,1.9468852145389104,0.4321591323958552,0.2219746337218989,0.24797600531683178,0.24676164746362644,0.0016110925201313746,0.8547492157389812,0.010978075232310855,0.12565240073315007,0.06831523798273045,0.02358320877896445
Cntnap_het,OFT-0645-00,fast,6.652503336725196,178,1.5938501934172706,0.38977427327572284,0.24454887597687783,0.2587850037384605,0.2592752509604286,0.0035740904966411633,0.7420388972309692,0.00894442950427526,0.29625078532504817,0.15259760741466172,0.02342166798807726
Cntnap_het,OFT-0645-00,medium,5.2198772873890515,179,2.2093003911536764,0.467671030318532,0.2116828622269507,0.2395483093697246,0.2394758426955238,0.0009205540414730639,0.89242795845113,0.011772161954026139,0.06960485850696442,0.04068851023049528,0.02262442238013241
Cntnap_het,OFT-0645-00,slow,3.9791527492213885,180,2.1670484884126715,0.29263467393685305,0.13503836000974914,0.15282634806875084,0.15101316008386068,0.0007732720799819336,0.5582313728162391,0.008424699956440398,0.05152225214988698,0.02997347605316369,0.025798545307537495
Cntnap_het,OFT-0652-00,medium,5.227469954766791,181,1.659303585140464,0.45262765289327256,0.27278170007386354,0.29145978691802554,0.2904492270370823,0.004215573521172942,0.8591715612560017,0.011277156656076148,0.3063854852719078,0.15883132096399197,0.026541197892125057
Cntnap_het,OFT-0652-00,slow,3.815848561251278,182,1.990955011412603,0.42197983606445094,0.21194845370466303,0.23769801767702728,0.23737944186334664,0.0017504039893577942,0.8249633953646026,0.011788910641125045,0.11430679600346111,0.06304785332229308,0.027763102106108807
Cntnap_het,OFT-0652-00,fast,6.723450346693207,183,1.8448215521090985,0.4282025588800056,0.23211055746311157,0.25253808798598965,0.2543437223129926,0.0025512786671084376,0.8207223738412714,0.010186539457954528,0.19302803859455894,0.10160728902625674,0.025109209108503543
Cntnap_het,OFT-0653-00,slow,3.5314649642188995,184,2.0956683156737705,0.4255226164428873,0.203048647183502,0.2269201881040506,0.22902474532247374,0.001576321578654355,0.8151587539591763,0.01216172235959181,0.0945347754662783,0.053348248912935055,0.0295477660612053
Cntnap_het,OFT-0653-00,fast,5.554932100970967,185,2.1192548320378317,0.41794224463748575,0.19721188708372608,0.22221202707434667,0.22304854148787034,0.000935706633466467,0.8177747088266201,0.010873759981399769,0.06962855167029777,0.04025115582584877,0.02324670221930791
Cntnap_het,OFT-0653-00,medium,4.210989293294578,186,1.8367366650929666,0.40664379717024574,0.22139471863249566,0.2410193222432898,0.24029913347983506,0.0043180095105427585,0.7710420667903509,0.011281321834114894,0.19156201566384928,0.10142166874898209,0.04257482216379028
Cntnap_het,OFT-0654-00,medium,5.522947485178096,187,1.215794783210258,0.417351583516948,0.3432746951051621,0.35234243381103914,0.3531359068473626,0.0076553777567088975,0.825722361882203,0.011265338646492215,0.5654941463411374,0.2883797424938148,0.026546170304847575
Cntnap_het,OFT-0654-00,fast,6.987057206689891,188,1.8092619397270238,0.45461340730888933,0.2512700882755982,0.2630980467103778,0.272518284700234,0.01986500875540782,0.6664272923112575,0.012477237738812121,0.4079824738135609,0.2102298557761865,0.0944918536050197
Cntnap_het,OFT-0654-00,slow,4.154868654965452,189,1.9367927014588313,0.39583993204635104,0.20437909113773323,0.22891279969650097,0.22722490999399075,0.002097961475719017,0.8022220701793011,0.01691800799548144,0.09200874535474024,0.054463376675110836,0.03852059133670576
Cntnap_het,OFT-0656-00,fast,5.718863752444606,190,2.0179271584025473,0.43666963064027775,0.2163951403409223,0.24192299440258858,0.24273288824572503,0.001510106447077946,0.85772571568897,0.011887122399369133,0.10459486197794989,0.05824099218865951,0.025928583808913698
Cntnap_het,OFT-0656-00,slow,3.5630222931146456,191,2.0918767706226182,0.4093246478191426,0.19567340369543504,0.222596819412392,0.21865373707274555,0.0013993975021797098,0.7894101654090947,0.012794052165245531,0.08591562176707358,0.049354836966159554,0.02835380660135126
Cntnap_het,OFT-0656-00,medium,4.345368586286947,192,1.7890731312311,0.36033976338608437,0.20141142197922718,0.21920230242110406,0.22154313451424942,0.0026091550525814988,0.7079634559806964,0.011272177366859303,0.16326507022019995,0.08726862379352963,0.029897974084644036
Cntnap_het,OFT-0662-00,fast,5.211300448312878,193,1.982372011492758,0.4343689019056431,0.21911573578894322,0.24600798916825442,0.24316926726886762,0.001866946165988717,0.8472613966318658,0.013016723913687583,0.1219444595025809,0.06748059170813424,0.02766641665004357
Cntnap_het,OFT-0662-00,slow,3.4316050037023134,194,2.1356843981549196,0.386974709874118,0.18119470751785086,0.21022594932044664,0.20346448512808707,0.0010581511513248246,0.752297188833896,0.01368555645908453,0.0606279348052319,0.03715674563215822,0.028478036311366885
Cntnap_het,OFT-0662-00,medium,4.177348471184724,195,1.8198374547685416,0.2910950797188749,0.1599566373118187,0.17514424014959823,0.17222024494950627,0.0021747442078397417,0.5632462943794938,0.009067166276060164,0.1309075655874094,0.06998736593173478,0.03107338272969114
Cntnap_het,OFT-0664-00,fast,6.45332995992163,196,1.9640129695704336,0.44476000572381374,0.22645471929907424,0.24848336898558093,0.2506259524201343,0.0021340827994112536,0.8487617997166401,0.011264663139410859,0.15281097475320451,0.08203781894630768,0.02601340243830682
Cntnap_het,OFT-0664-00,medium,4.9227792223220135,197,2.0158709224315237,0.432518538745761,0.21455666329273773,0.23629094607536077,0.23760675038064466,0.0023663117893741757,0.8128380820778592,0.011747048557683569,0.1402561484725455,0.07600159851511454,0.031135026573205354
Cntnap_het,OFT-0664-00,slow,3.681188195188748,198,2.12518544377989,0.4081078069360092,0.19203397431997365,0.21846569256332737,0.21904604228409327,0.0007997622265968439,0.8106038699036785,0.012269737664560361,0.052499443793076514,0.03238459072881844,0.02469576451633679
Cntnap_het,OFT-0665-00,fast,5.545053353059841,199,1.9396222848894484,0.46862884188867926,0.24160829948156087,0.26363498197285495,0.26547208815745293,0.0026611231224148014,0.8861618515770411,0.011690491178917042,0.1794300032514297,0.09556024721517337,0.027847595626482008
Cntnap_het,OFT-0665-00,medium,4.439636852408849,200,1.902026249930151,0.4307904786330408,0.22649029089312564,0.24840413400007763,0.2517479030434666,0.0023713606505890565,0.8480427853330699,0.01224215697042355,0.14545495448837747,0.07884855572940051,0.03007487744895801
Cntnap_het,OFT-0665-00,slow,3.566258114637712,201,1.8894240186932727,0.4592886898440574,0.24308396913557914,0.2705317896421662,0.26844224757429314,0.0029850682624770475,0.9053557917318348,0.013648649814586043,0.15844872708765792,0.08604868845112199,0.034690456254573225
Cntnap_het,OFT-0666-00,medium,4.99219045423395,202,2.023967044336403,0.4628941572399283,0.22870637075600073,0.25771455372402496,0.2572544551003895,0.001227949089954695,0.9240389847468692,0.01206309863948839,0.09458934378965463,0.053326221214571506,0.02302711615386607
Cntnap_het,OFT-0666-00,fast,6.716435209714403,203,2.0820781760990754,0.4501799713721437,0.21621665148788435,0.24182462273512584,0.24217893969893936,0.001421610987472284,0.867695948966153,0.010689085082875659,0.10204162085716612,0.05636535297002089,0.0252213622831103
Cntnap_het,OFT-0666-00,slow,3.744456752806172,204,1.671503070761666,0.44366487241182667,0.2654286912016612,0.2849806645179684,0.28623648953930036,0.0039718919461465725,0.8682047031809167,0.014108189276196607,0.26454807100846744,0.13932813014233203,0.028507466095246143
Cntnap_het,OFT-0675-00,fast,5.827908641169552,205,1.7364309942278744,0.408664703963698,0.23534750607548088,0.2507164248593935,0.25333111364917416,0.00321355607704118,0.7885586224606499,0.010907535804655978,0.22536890890368524,0.11813822235417061,0.027201662704955477
Cntnap_het,OFT-0675-00,medium,4.335811958216762,206,1.2658189995048303,0.4152890108402919,0.32807929964927596,0.3375195999539715,0.33737247669241566,0.00788066201766868,0.810015013909836,0.012083928887832806,0.5259424493772745,0.2690131891325537,0.029294705003424796
Cntnap_het,OFT-0675-00,slow,3.5267168281647594,207,1.4914309628896563,0.47335025347973436,0.3173799292476907,0.3311387448557056,0.332777946800997,0.006754518840864647,0.8985261815141359,0.014248874726559821,0.42797530402522393,0.22111208937589188,0.030547940006038856
Cntnap_het,OFT-0676-00,fast,6.6661612032776825,208,1.6211171354063278,0.452219647555304,0.2789555656889387,0.29490526635538317,0.2986502592294928,0.0040733560945778,0.8569404921255658,0.01059356459952754,0.33084689086926644,0.170720227734397,0.023859832830794035
Cntnap_het,OFT-0676-00,medium,5.055063562385651,209,1.9710103021546606,0.4354234852748095,0.2209138555992402,0.24502925642427498,0.24480479499553126,0.0020704586315273125,0.8403036525349155,0.012268297823224649,0.1362678282450781,0.07426806303415137,0.02787818272001027
Cntnap_het,OFT-0676-00,slow,3.8307580055659636,210,1.9533223105882835,0.3974443926833892,0.20347097380139512,0.2271390601873022,0.22721403270479473,0.0018967507227480435,0.7711918672371963,0.01154680130127254,0.1262351853853601,0.06889099334331632,0.02753263715179196
Cntnap_het,OFT-0685-00,fast,6.0425349132106225,211,1.602828158533792,0.4460092105282833,0.2782638975698281,0.29546458130324066,0.29812430497928355,0.004656433284464502,0.8607565139320172,0.011922319312614634,0.31959298022944377,0.1657576497710292,0.028091815315291375
Cntnap_het,OFT-0685-00,medium,4.936424342777213,212,2.185113904096293,0.41911179991877257,0.19180318203691377,0.21558138154093526,0.21767261106740482,0.0010106865320294047,0.7969234166317036,0.011486002278716993,0.0714469316461343,0.04146646696242565,0.024373586805580192
Cntnap_het,OFT-0685-00,slow,3.896874093668823,213,1.739096570838932,0.29221639474149336,0.1680276987726619,0.1847269340966997,0.18348204981322624,0.0019155896475485643,0.5943044751891136,0.008478099093219066,0.12950697914518236,0.06899253911920071,0.027765171017099924
Cntnap_het,OFT-0687-00,fast,6.1594268875411435,214,1.8939058869034409,0.48250972669661457,0.254769643007723,0.279117587576622,0.28127612598539853,0.002749190382739004,0.9272912926553464,0.013291506070178576,0.18961662476707378,0.10145406541862617,0.027097882883205526
Cntnap_het,OFT-0687-00,slow,3.594326782918,215,2.0554433133091607,0.4532990439583006,0.22053590143943783,0.24801605466790078,0.24662606797130698,0.001621954847905592,0.8821983418497897,0.014332123152691998,0.10037275716679518,0.05735244015974359,0.028280485422903814
Cntnap_het,OFT-0687-00,medium,4.7126967326757745,216,1.9868486103050345,0.39965240289666887,0.20114889520209167,0.2255706948092574,0.22590578585418192,0.001559661057389688,0.7946091284561659,0.012019568143571349,0.09565897699852835,0.05383927257104985,0.028968835998507532
Cntnap_hom,OFT-0364-00,fast,6.575646998692903,217,1.8352270300928482,0.44223954838735585,0.2409726650358795,0.26488623394652017,0.26460103998434714,0.0025118196110988132,0.8684949941046672,0.011982967935989828,0.1815343201675003,0.09675864405174506,0.0259596404612236
Cntnap_hom,OFT-0364-00,medium,5.595392633959428,218,1.4764391039659825,0.452217748230561,0.3062894683673863,0.32268207447899766,0.32128493414503956,0.006046849473070189,0.8760439202733107,0.013122005243269405,0.40290923841148224,0.20801562182737582,0.029069208456316022
Cntnap_hom,OFT-0364-00,slow,4.366563144613124,219,2.1170995402212007,0.4342403401121513,0.20511096992009198,0.23194340367069918,0.2316344524157411,0.001201903875876379,0.8408506940164046,0.012622828538077072,0.08033313834603942,0.046477983442058245,0.025859639056301398
Cntnap_hom,OFT-0367-00,fast,5.704740522310059,220,2.0249675759114134,0.36507721985282704,0.18028793359247255,0.20367801002332098,0.2029506925599427,0.0011089665851018774,0.7239536497912468,0.010253100735692385,0.0782306603880264,0.04424188056185939,0.025065991115619746
Cntnap_hom,OFT-0367-00,medium,4.376960163391406,221,1.6040395709348492,0.40558610321015437,0.2528529286679474,0.2688758581121564,0.2680213022008982,0.004878181020444048,0.7707046906238392,0.011800328057878865,0.30039510224073096,0.1560977151493049,0.031250816296562366
Cntnap_hom,OFT-0367-00,slow,3.543357471436869,222,1.1597038084841607,0.36555254815803084,0.31521199247921894,0.31884863138912767,0.31965919306421114,0.009387729032203715,0.7213891635935876,0.012522034074979586,0.5427193210555107,0.2776206775652451,0.033814948924319424
Cntnap_hom,OFT-0374-00,fast,6.053995540410852,223,1.3601577865183465,0.427968839210873,0.3146464648828449,0.3270315134348565,0.3274241765072866,0.007232298608401089,0.8336549688612144,0.01273771185681263,0.4616220673689659,0.23717988961288924,0.03049288293457431
Cntnap_hom,OFT-0374-00,slow,3.605459019846782,224,1.8504946986336035,0.47080230458210254,0.254419699191649,0.2764345067404675,0.2770246204403375,0.004743937802294455,0.8782264742254773,0.015488841787754592,0.22741084564629627,0.12144984371702543,0.03906088025397292
Cntnap_hom,OFT-0374-00,medium,4.634600980294905,225,1.2488168767589405,0.42699518536008557,0.34191977487385333,0.3518700770365827,0.35121878328408607,0.009097279684562455,0.8361680015491176,0.013831915997358371,0.5511196075074904,0.2824757617524244,0.03220552315046329
Cntnap_hom,OFT-0383-00,fast,6.122099210260183,226,1.9635682953112994,0.4085167634061852,0.20804815619688946,0.2252614751474289,0.2320698000054906,0.00858184124043261,0.7192357197388198,0.017001244132639946,0.18760812328031348,0.10230468370647672,0.08388512558286038
Cntnap_hom,OFT-0383-00,medium,4.928293038178712,227,1.540874905291662,0.44532831819588553,0.28901004011846915,0.3074249046644074,0.30638426627408544,0.005378720919084755,0.8637812554201076,0.013162916018432233,0.3518764071549604,0.1825196615866963,0.029469268528803834
Cntnap_hom,OFT-0383-00,slow,3.7716769516158144,228,1.6017213542174542,0.32449141519251207,0.20258917965856013,0.215641627026832,0.2171788492533956,0.0038354156711163786,0.6375703146718004,0.011072537294787308,0.21882956876351223,0.11495105302914976,0.03336564189754554
Cntnap_hom,OFT-0388-00,slow,4.122066771211793,229,1.4047892628585064,0.46105919065809203,0.32820523536741397,0.34358652579428567,0.34743398579938445,0.00693886469398121,0.9233337680867814,0.014744038775392094,0.43423124755884035,0.22448764316711622,0.030909784592534045
Cntnap_hom,OFT-0388-00,medium,5.2452570284589415,230,1.4725713071945805,0.4411243932032883,0.2995606331918021,0.31591682644106733,0.31491468200929895,0.006047072498681982,0.8511739640079923,0.013100732127048273,0.39870264413922896,0.2059016881331386,0.029368736864225555
Cntnap_hom,OFT-0388-00,fast,6.613163687999042,231,1.4116809172981009,0.3871662462802288,0.27425903512335426,0.29000488456003676,0.2893210851815874,0.004933629359503635,0.7861288208046515,0.011063528473434111,0.35136376743426484,0.18121364795384948,0.02722548447763772
Cntnap_hom,OFT-0389-00,slow,4.321744414819639,232,1.4770457106636476,0.40193776437998374,0.2721227660580593,0.28426019423407195,0.2815558025229601,0.004927215622199859,0.7787284775995078,0.01052342689265891,0.35921944327883326,0.18487143508574608,0.02665211972803989
Cntnap_hom,OFT-0389-00,medium,5.727645199972921,233,1.0635222630962966,0.2973101766919103,0.2795523770478798,0.28176731461357163,0.27924836075545567,0.006778205809195509,0.5763695348973349,0.007297327233261017,0.5366433400737435,0.27197033365350226,0.024922592542137818
Cntnap_hom,OFT-0389-00,fast,7.0463763697285415,234,1.846662372166808,0.39581541686090865,0.21434097690335938,0.22617451208275266,0.24344582005479284,0.008110610973377005,0.7172701197750451,0.017977004429294428,0.20474339241449546,0.11136019842189494,0.07283222451390987
Cntnap_hom,OFT-0390-00,slow,4.4054151508947506,235,1.848244755258333,0.4181510107793962,0.22624222770806693,0.24939547643710694,0.25025447817043905,0.0022829604862119827,0.8361407298325494,0.012524735008248621,0.14997487704092216,0.0812498060245854,0.02809804229589399
Cntnap_hom,OFT-0390-00,medium,5.780126368879486,236,1.5631106040467428,0.41510394136500095,0.26556274411441955,0.2988831028013978,0.27688750895445713,0.012605033086724452,0.6712339790612887,0.01800636536077021,0.43517619757418513,0.22659128146747767,0.055628941259744075
Cntnap_hom,OFT-0390-00,fast,7.306602627233639,237,1.8917397256900086,0.429255547249448,0.22691046840118442,0.23937264308505332,0.2372530694632874,0.006642296611354878,0.7242146222344625,0.01607576047122249,0.26188173371182955,0.13897874709152602,0.04779361413425694
Cntnap_hom,OFT-0400-00,fast,6.837739463643762,238,1.6244618486628346,0.39946887183781105,0.24590843556383382,0.26553087134707315,0.26595966668477766,0.0033779529979977097,0.7975231235914978,0.01090252793187761,0.2486103558709512,0.12975644190141442,0.02603302732795487
Cntnap_hom,OFT-0400-00,medium,5.288016403321042,239,1.8989744509957494,0.36405603470018566,0.1917119182458135,0.2104388269537188,0.21225777902510867,0.0019239561106091582,0.7139078078429645,0.010739240653508557,0.12644872660335782,0.06859398362843319,0.028048467355840385
Cntnap_hom,OFT-0400-00,slow,4.087956671186771,240,1.8151233438773937,0.350463939628509,0.19307995834589511,0.21045094919503565,0.2121313599149925,0.002657234044932961,0.6776346434178057,0.01053630170985037,0.16018364485229802,0.0853599732810742,0.03112974316642759
Cntnap_hom,OFT-0401-00,fast,5.845510529103972,241,1.3130136078591588,0.4523925797413811,0.34454523322039116,0.3622422805474712,0.35472470190191085,0.0072580860169119184,0.8856069680874281,0.012208890640527428,0.5270306613971925,0.26961977601885995,0.026919709392549212
Cntnap_hom,OFT-0401-00,slow,3.559679292125647,242,1.039713520840349,0.27031729012576433,0.25999208888548475,0.2613170015849401,0.2587371650652599,0.008113758471707476,0.531929854814609,0.008811211643373965,0.4962761312323884,0.2525436714378812,0.03212814015695197
Cntnap_hom,OFT-0401-00,medium,4.493532471439153,243,1.8581643978957312,0.3607426717870866,0.19413926571599788,0.21498266566186533,0.21446808666969902,0.0018366204403098836,0.7202038598330057,0.010378537509907866,0.12743974811631228,0.06890914281311007,0.026652783147963693
Cntnap_hom,OFT-0402-00,fast,6.775826799316585,244,1.6694204359228169,0.4194818939671091,0.2512739660666902,0.2723027192158046,0.2720417691148622,0.0032442312259857563,0.8338470203090008,0.011349277842958354,0.24075929883902536,0.12605428834099186,0.025736777928647096
Cntnap_hom,OFT-0402-00,slow,3.782350530901741,245,1.6572519309681462,0.4378534782208825,0.26420453646120895,0.28556438910782767,0.2856532169789807,0.004372126440709664,0.869472276599665,0.014825926188838975,0.25497228749545864,0.1348991068421488,0.03241034387148074
Cntnap_hom,OFT-0402-00,medium,5.1661669333415166,246,1.9865318088874893,0.4059929436302916,0.2043727373576054,0.22957523675259806,0.22959989038160286,0.0015569453218143992,0.8080308131577938,0.013167717797425559,0.09554557628973069,0.05435664704357812,0.028643144978500693
Cntnap_hom,OFT-0404-00,fast,5.752499766213789,247,2.7212685632051157,0.4081816686033283,0.14999683387462906,0.1611972044955033,0.16718610348950935,0.0015422102053537809,0.6376048628266893,0.011461721477027668,0.07847095835379501,0.04496633991541134,0.03429699211131966
Cntnap_hom,OFT-0404-00,slow,3.6672696027520297,248,1.345001934053133,0.3426368602413688,0.25474822865781344,0.2570939033702413,0.2653451836730967,0.007101281177898775,0.6424197049844035,0.010981588255067955,0.40243465600566125,0.2067081221303646,0.03435414682651033
Cntnap_hom,OFT-0404-00,medium,4.6488300021401665,249,2.0706865718587575,0.448803750968625,0.2167415180394757,0.2433741995531116,0.2441202636415824,0.0019211454410507658,0.8715222724751199,0.015204915365290691,0.09434885534101581,0.05477688535315325,0.03507219201429412
Cntnap_hom,OFT-0405-00,fast,5.400856906753735,250,1.9367723440712756,0.4345592099562263,0.2243728909525538,0.24902711866178187,0.24798552222561088,0.001918056931268543,0.8450726430586057,0.011202593580432126,0.14439142974174518,0.07779701166108866,0.02465463506007504
Cntnap_hom,OFT-0405-00,medium,4.317757154339366,251,1.3763212701848988,0.4312724795016935,0.3133516053586494,0.3252253680447549,0.3266959276368455,0.006190549370802511,0.839951316373145,0.011512917719539535,0.4547120750426328,0.23311249638108616,0.026556059700387595
Cntnap_hom,OFT-0405-00,slow,3.5236347912859793,252,1.839704433137893,0.4343358464107668,0.23609001456279669,0.2595485017254331,0.2584245403487442,0.0025933012404752015,0.8517875018323279,0.012578328655077289,0.17652384244729152,0.09455108555118441,0.02742751418830977
Cntnap_hom,OFT-0406-00,fast,5.970279103301949,253,1.9497774748325765,0.4068380437055762,0.20865870539432227,0.23151646978177162,0.23314484749060216,0.0017926097896747198,0.8024750095316777,0.012249647801961996,0.11720722360960154,0.06472843570578177,0.02769431657243955
Cntnap_hom,OFT-0406-00,medium,4.59593331028098,254,1.3577494612224321,0.3637073505010996,0.26787515730158373,0.2704106051846415,0.2780795361791098,0.007816041192413378,0.6807796077485158,0.012516378615747416,0.41830469824941613,0.21541053843258176,0.03628439559775581
Cntnap_hom,OFT-0406-00,slow,3.760709765307994,255,1.3546487067438093,0.3780106371011981,0.27904698481558976,0.29182716403878184,0.29147794074224165,0.006622643893297834,0.7538843975475171,0.012682596685722905,0.39248012727862563,0.20258136198217427,0.0326912793383262
Cntnap_hom,OFT-0416-00,fast,5.945584080789314,256,1.3205916561191986,0.3930618658163111,0.29764073095190957,0.3099213313781163,0.30880942552588725,0.006874383228529753,0.7800096366886183,0.011700985753744557,0.43968848556894635,0.22569473566134546,0.03045876638808604
Cntnap_hom,OFT-0416-00,medium,4.808058734688962,257,1.8408502806360971,0.43541435790644406,0.2365289358328417,0.25685194151767016,0.2585260724145552,0.003311343277192621,0.8313537000205112,0.013777414277902723,0.19711599679256167,0.1054467055352322,0.0314030036347245
Cntnap_hom,OFT-0416-00,slow,3.722601444754235,258,1.9278884170412565,0.4129100913030278,0.214177380626999,0.2379720792660316,0.23706377544144028,0.002149532954983057,0.8193101220807888,0.014264442912746828,0.12035177989749209,0.06730811140511946,0.03193571933767798
Cntnap_hom,OFT-0417-00,fast,5.634457938355201,259,2.0514353466896638,0.4604796950840333,0.22446707658961557,0.2536152914224917,0.25386974136252016,0.0011838177630672233,0.9157544860500142,0.012446192229314042,0.08649011956327562,0.04946815589629483,0.023930905480871005
Cntnap_hom,OFT-0417-00,medium,4.409021446038656,260,1.7068218855476633,0.4501730066841677,0.26374925848793057,0.28419223858600096,0.28503313011418774,0.0037378414470842134,0.8674881009502761,0.011967467118621586,0.265015498533859,0.13849148282624027,0.026989684642007433
Cntnap_hom,OFT-0417-00,slow,3.4501902751562636,261,1.8825623309325912,0.432096124022584,0.22952553385498292,0.25370932864016477,0.2539360922750642,0.0022592658626916146,0.8528978047812655,0.013430766122751299,0.15079959373702403,0.08211517992988766,0.02751337651114741
Cntnap_hom,OFT-0418-00,fast,5.6447210108296355,262,1.2769676382518393,0.3913488315353593,0.3064673056798161,0.3176191166365832,0.31590352016783896,0.008464845997364325,0.7645964347286018,0.013284573329743593,0.4819641315913265,0.24762435246053505,0.034184222647138086
Cntnap_hom,OFT-0418-00,slow,3.8300224046756886,263,1.0276098938464213,0.3184568133840028,0.3099004936513358,0.3071518227076946,0.31021580752295574,0.01237058933688164,0.6138006767445667,0.012689373282888947,0.6050194951073395,0.30885443419511427,0.04005313820123658
Cntnap_hom,OFT-0418-00,medium,4.691575429741383,264,1.0338012021124638,0.29934842262107686,0.28956091558937047,0.2880328903120115,0.2904965904910732,0.009818496303885451,0.5808303501676879,0.010015734285134498,0.5624728351166274,0.2862442847008809,0.03430110862875591
Cntnap_hom,OFT-0422-00,slow,4.4069709804372765,265,2.245849772018574,0.41078797147817586,0.18290981729777894,0.20901579808621884,0.208627235204514,0.0006414339899790768,0.7860138925654784,0.010242836688593007,0.04868018303726372,0.029461509862928364,0.021771932021250474
Cntnap_hom,OFT-0422-00,fast,6.7543423990786415,266,1.973340242930918,0.37444442861130456,0.1897515798163414,0.2144712046548372,0.21303162930953784,0.0010881388709616001,0.7537690315468923,0.009291398808421513,0.08720417443657205,0.048247786622496784,0.022553135535013893
Cntnap_hom,OFT-0422-00,medium,5.6394601549149135,267,1.884725939659563,0.4368832592738531,0.23180200902459433,0.25844240593127854,0.25640563252502147,0.001906103319026019,0.8680456131024579,0.011003108194965416,0.14879383660655723,0.07989847240076133,0.02385656773843221
Cntnap_hom,OFT-0433-00,medium,4.886629917110118,268,2.1173730927917633,0.45551648129960975,0.21513283740609443,0.24247312573696006,0.24204152564268572,0.0011399876740825253,0.883001478157252,0.011867038503252023,0.0847146672365489,0.04829085286990046,0.023606699951101425
Cntnap_hom,OFT-0433-00,slow,3.7935701501288777,269,2.146913145241852,0.4373025313699187,0.20368897192655464,0.23118410642503615,0.23169769305358695,0.0008092990339994784,0.8611821375904093,0.012058676393080987,0.05751255441041098,0.03478561540174598,0.02326533610668442
Cntnap_hom,OFT-0433-00,fast,6.289851222292887,270,1.802096769902879,0.4159358497626791,0.23080661189193258,0.2494970130853409,0.25430712686307944,0.0025155198974207275,0.8135055157649902,0.010784828367282076,0.1889852024734104,0.09988501542034625,0.02518415687112488
Cntnap_hom,OFT-0445-00,fast,5.948327086182562,271,1.927819452893742,0.44009214750814024,0.22828493967500044,0.24868966397445974,0.249143106377908,0.0024899577620959186,0.8253100499244274,0.010858771901969565,0.1803845830280787,0.09562167746502413,0.026039678743417557
Cntnap_hom,OFT-0445-00,medium,4.588487807662505,272,2.1154295700353543,0.4340211157432241,0.20516925824005122,0.23204920036236346,0.23046887771877533,0.0011275215345866849,0.8446153792929879,0.012381240542410384,0.0769788203418062,0.04468003044210829,0.02523546925617272
Cntnap_hom,OFT-0445-00,slow,3.5675675128878273,273,1.9904602444231558,0.3318639025825728,0.16672721975351407,0.18403269412976747,0.18641236610047543,0.0014094705135212738,0.6541339176882546,0.011194245531978397,0.08273958669483125,0.046966916113404825,0.030009858644285077
Cntnap_hom,OFT-0449-00,fast,5.573107556195019,274,1.7227420774846327,0.46291509034999795,0.26870829731279217,0.2899033065288872,0.2919332989293716,0.0035630387084579465,0.8978420744880339,0.012200319124693956,0.25833115344858587,0.1352657362866399,0.0263410291938792
Cntnap_hom,OFT-0449-00,medium,4.43927348683857,275,2.140334295151897,0.3805480686001478,0.1777984259104444,0.20151319582781746,0.203064288427269,0.0007682154418212145,0.7529894282837405,0.010767078626668812,0.048043802634399085,0.02940544063053395,0.026124942369457876
Cntnap_hom,OFT-0449-00,slow,3.5986355500345577,276,1.6732669489283762,0.4184549361767408,0.2500825922873426,0.27226159113890236,0.26161298517276543,0.005009246532232807,0.7957832062187781,0.013437354073322291,0.27028673426973654,0.14186204417152942,0.03531068906758445
Cntnap_hom,OFT-0517-00,fast,6.520040449545362,277,1.8096220310802311,0.44363428119098836,0.24515300630273962,0.2681813378056279,0.26864400495507823,0.0026300413877353387,0.8691668495436046,0.011457725177505132,0.19659804654623803,0.10402788586187157,0.025282080530094717
Cntnap_hom,OFT-0517-00,medium,5.264677687157302,278,1.6046407274713548,0.43377760579179914,0.27032693260588,0.28948682719680696,0.2893876069806689,0.004245618571988396,0.8524410998666564,0.011843303589872742,0.29450304498796187,0.1531731742889173,0.027717768412765628
Cntnap_hom,OFT-0517-00,slow,4.0813871663099075,279,1.5853739822325745,0.41928081175964965,0.26446807911481235,0.28031161021274714,0.27989220664836,0.005881161202167865,0.7846199480255709,0.012127944303426147,0.3326496292505032,0.17238878677696468,0.03411568299843578
Cntnap_hom,OFT-0518-00,medium,5.3818846894025025,280,1.7235984612494444,0.4629394388361974,0.2685889139751323,0.2906216157459149,0.2918587318359709,0.0033141257941173567,0.9025673190048972,0.011815037446857425,0.25383443608518974,0.13282473676602358,0.024951118856386897
Cntnap_hom,OFT-0518-00,fast,6.592831855924083,281,1.137988766527224,0.40959395651969105,0.35992794355048,0.3581121904002386,0.3631577555143627,0.00831931259741757,0.7704599722436467,0.009612896571201693,0.6761525992742599,0.34288274792273077,0.024262849757878
Cntnap_hom,OFT-0518-00,slow,4.1976030218544125,282,2.06284552469895,0.39454785723594515,0.19126388889130472,0.21602579237812955,0.21699844422406755,0.0009029801605142194,0.7900284984385997,0.010957990082086193,0.06480807105633893,0.037883030569212564,0.023836006437353743
Cntnap_hom,OFT-0521-00,slow,4.178982216528157,283,2.154161340566315,0.37725536833012085,0.17512865040598255,0.19864563914783762,0.19962230245846088,0.0006882967022997881,0.7405977150884342,0.01011543883204801,0.05017650996321732,0.030145974397632665,0.022832126546018676
Cntnap_hom,OFT-0521-00,medium,5.594545754422325,284,1.1089647563329237,0.4020989682932615,0.36258949258487244,0.3660198166912267,0.3672926482603004,0.008539661606712302,0.7887789499023531,0.010294790345924607,0.6624993063386945,0.33639704834230955,0.02538566152347017
Cntnap_hom,OFT-0521-00,fast,7.220035394201067,285,2.200536705360101,0.42488647763166393,0.19308311313177323,0.21974195140316177,0.21935296591916237,0.0006422681949523293,0.8255269612142027,0.010194596979042155,0.05187030838884102,0.031032452683941586,0.020696662345502742
Cntnap_hom,OFT-0522-00,fast,6.921900176691392,286,1.6221719728843362,0.3549660009768847,0.21882143626592815,0.23694538216554956,0.23590322638965694,0.0028364781913832204,0.7105399453414665,0.00913613047910242,0.22084547340723856,0.11499080194317049,0.02466700069441236
Cntnap_hom,OFT-0522-00,medium,5.07780925999194,287,1.6959554817313478,0.40713224604654197,0.24006069170572414,0.2604811394613413,0.25997165448206083,0.0033269498374416404,0.80735287800449,0.012189393715393388,0.22090932243598047,0.11654935807568692,0.02854541537055164
Cntnap_hom,OFT-0522-00,slow,3.7945123488095307,288,1.3679987667988502,0.44069274176025575,0.3221441074771487,0.33206629079519256,0.33466325430334065,0.008879955611513201,0.8445535746862707,0.014608044230703408,0.4798091725216607,0.24720860837618205,0.035920899639548164
Cntnap_hom,OFT-0533-00,fast,6.820881061038793,289,1.9855157024513295,0.4402018532016867,0.22170655848161305,0.24610867120415017,0.24658454170166783,0.0017167712051862065,0.8563320845150756,0.011125252134210104,0.1268997734320172,0.06901251278311366,0.024876230931940146
Cntnap_hom,OFT-0533-00,medium,4.969848652389677,290,1.5952290826584148,0.4153535285947937,0.26037233969093393,0.2785506891958567,0.27961759248911705,0.004183013616836873,0.8255436430296125,0.01243435618019732,0.2768189403890188,0.14462664828460806,0.02892284144347451
Cntnap_hom,OFT-0533-00,slow,3.786161065998983,291,1.9695634923936676,0.4752908774364376,0.24131787539319327,0.2667249975067832,0.2641240231184308,0.004876397986610332,0.885383162764612,0.015564185832769098,0.1764342560104038,0.09599922092158644,0.050796224592212516
Cntnap_hom,OFT-0535-00,fast,5.6937379532113,292,1.8096925427162078,0.4316329768015624,0.23851177291901465,0.2607822119584339,0.2617071914800042,0.002596306452711699,0.847728050914089,0.011696282890616059,0.1885870533599159,0.10014166812526598,0.025926335174125632
Cntnap_hom,OFT-0535-00,slow,3.773321745320283,293,1.9115394739864608,0.45228672195741687,0.23660862258532692,0.25936744915096305,0.2610879946817739,0.002596091327566477,0.870307968572035,0.01361987944644724,0.16774960068130387,0.09068474006387556,0.028627653624390053
Cntnap_hom,OFT-0535-00,medium,4.566332136353312,294,1.8269359792448716,0.4110995746594099,0.22502133590325912,0.25120250118098214,0.2473684537947349,0.0025396757227420315,0.8290414894151308,0.012364612902712676,0.14917868495052644,0.08077164892661956,0.031442662821571314
Cntnap_hom,OFT-0540-00,medium,4.462168650396679,295,1.377867027578244,0.40046310725953294,0.29063987978824907,0.3053651985561264,0.304236884724405,0.006195358785049178,0.7930627174381022,0.012010197404540578,0.406202859260946,0.2091065283327433,0.02962776358273587
Cntnap_hom,OFT-0540-00,slow,3.558240677487363,296,1.9575919989361144,0.3858156613793144,0.1970868605863695,0.2204927028842332,0.2205869865585003,0.0017127725449253444,0.7695908267076482,0.01342993387048816,0.09797830961888856,0.05570412174468836,0.030747680625422748
Cntnap_hom,OFT-0540-00,fast,5.506130523103426,297,1.2159364478726689,0.4508656366700039,0.37079704079831804,0.37936743301361375,0.3793919186225644,0.009199092522095106,0.8752225590946758,0.012959025865251252,0.6258417836470929,0.31940040475617204,0.028801129820476046
Cntnap_hom,OFT-0541-00,medium,4.707385107522008,298,1.9351789335391145,0.4137422591449985,0.21380051837807784,0.23965198218131664,0.23712057890681487,0.002050259709104988,0.8213348735156404,0.013045889219817707,0.11874192145120867,0.06589390533551319,0.031114557540119128
Cntnap_hom,OFT-0541-00,fast,6.133395464553009,299,1.3371840158755068,0.44414188622429807,0.3321471696874128,0.3405903365239134,0.3432908654942436,0.007393270864284146,0.8486894810638723,0.012008545233748983,0.5164947398561883,0.26425164254496863,0.02797814535069922
Cntnap_hom,OFT-0541-00,slow,3.6561489734808217,300,1.367263505514713,0.40896831963225083,0.299114485234719,0.3105221924988166,0.3125447455295015,0.00687392487159824,0.8148732547687398,0.013501861619897025,0.41613581687740675,0.2148188392486519,0.031998705959125406
Cntnap_hom,OFT-0546-00,slow,3.7428523706488073,301,1.7005969897684412,0.36484652385770994,0.21454026206843316,0.23121141649775434,0.23327396363433386,0.0025472850214840422,0.7202621669269991,0.008959810969820582,0.20154491625006743,0.105252363609944,0.024201689483421544
Cntnap_hom,OFT-0546-00,medium,4.799130196992035,302,2.1646245929308265,0.43888116538035793,0.20275163038138083,0.23120371571514542,0.22769289931964293,0.0012823610360559105,0.8540704498731939,0.010496131419415976,0.06322234669634612,0.03685923905788105,0.034790762610215166
Cntnap_hom,OFT-0546-00,fast,5.9906872209964,303,1.6367563463122632,0.3845394962050751,0.23493997568512376,0.25201671445980056,0.25376775535782714,0.002874762668270106,0.760650016419235,0.008910691324421596,0.24212419258854395,0.12551744195648276,0.022903292350929156
Cntnap_hom,OFT-0548-00,slow,4.404450784377751,304,1.8575393019178357,0.40394476784631705,0.2174622994136706,0.2409026691487065,0.24050231577227055,0.002080362754859207,0.8025315028004466,0.011497286189909991,0.14698128012579,0.07923928315785,0.026254184439238097
Cntnap_hom,OFT-0548-00,fast,7.069544511562489,305,1.3709641333419653,0.4027241376084949,0.2937524971034685,0.3061756801808727,0.30618061492243076,0.005355437925421748,0.7951667298582539,0.010049845125565256,0.4189237957571462,0.21448682044135575,0.024968610725832514
Cntnap_hom,OFT-0548-00,medium,5.662729253510793,306,1.9006865053157098,0.4163838020211543,0.2190702153441089,0.24127609402938371,0.24126128863906093,0.0021248365166229785,0.8079471120926255,0.010629403104588575,0.15423630300112146,0.08243285305285501,0.025776573755861117
Cntnap_hom,OFT-0580-00,fast,5.773584385792086,307,1.7253583653804747,0.3209076915080524,0.18599480429521437,0.20186639936378797,0.20232458874511028,0.002278380454534447,0.6331384288667474,0.008544913329314072,0.16747393813668035,0.0880094257329972,0.02588791411327455
Cntnap_hom,OFT-0580-00,slow,3.586007932845555,308,1.6202157813815772,0.4194711527583475,0.2588983255061616,0.2771546707544341,0.2791627946019126,0.004326585254523056,0.8360305057557688,0.014605795756678173,0.2609168288837694,0.1377613123202238,0.03140638820618944
Cntnap_hom,OFT-0580-00,medium,4.523059650893323,309,1.8849925619361925,0.37909567814360484,0.20111255916798537,0.22297688424959816,0.2234579466053599,0.0019084729791380211,0.75586721285631,0.01149167609517188,0.12417443422913124,0.06783305516215156,0.028134852168694317
Cntnap_hom,OFT-0581-00,fast,5.259971833813286,310,1.7815137652213449,0.44029134284507077,0.24714450791255413,0.26867219386062924,0.26975475483514877,0.00277242104055401,0.8604690576732227,0.011261275733370156,0.21064869466932815,0.11095498520134915,0.024986899286435115
Cntnap_hom,OFT-0581-00,medium,4.249552916161117,311,2.008374490119765,0.35391170319210613,0.17621798371428296,0.19761981197646855,0.1995010441388596,0.001156260715255117,0.7022322801635946,0.01018204319823149,0.08014821051896195,0.04516512685859672,0.025600741006997406
Cntnap_hom,OFT-0581-00,slow,3.431531378090858,312,1.7797125864325323,0.31661878157026724,0.17790444591108703,0.19389218853232795,0.1942419161200929,0.0024836468803681043,0.6221360751819835,0.010358864717588302,0.14599636469399824,0.07817761470579326,0.03176928446480289
Cntnap_hom,OFT-0583-00,fast,6.518938488406994,313,1.710274777090318,0.36516323394380873,0.21351144204152922,0.23033307557795063,0.23346248789835655,0.0023832885964237605,0.7317854544075455,0.009306953108668754,0.18639596800461852,0.09785146055664364,0.024356188276250995
Cntnap_hom,OFT-0583-00,medium,4.823395489464152,314,1.666957755234127,0.41034572133779307,0.24616443941025928,0.2694945646344463,0.2652355516503371,0.003443401786707948,0.8209426709945502,0.011317862292609787,0.2310444635309358,0.12118116291177279,0.028415322183489463
Cntnap_hom,OFT-0583-00,slow,3.9013081750791554,315,1.9228393445145398,0.3497408117697269,0.18188769268086,0.2000586522424832,0.2001174981870829,0.0025636862118845957,0.6728589142721861,0.010582734954911964,0.12547199482889101,0.06802736489190149,0.037686101996724515
Cntnap_hom,OFT-0584-00,slow,4.014187252066083,316,1.4568248370113486,0.4080637658394442,0.2801048935138833,0.2942121536639406,0.2957193427719773,0.004922566954867446,0.803384150381538,0.010927800128942174,0.3651644927529658,0.188046146440954,0.026177441271912048
Cntnap_hom,OFT-0584-00,medium,5.4371536909525675,317,1.7835813470053012,0.4316994111613367,0.24204077480748265,0.26412805557389096,0.2656264072229404,0.002536223469500392,0.8568537905177906,0.011299091988229697,0.19230331143133664,0.10180120170978317,0.024913492443151178
Cntnap_hom,OFT-0584-00,fast,7.099610943304853,318,1.5532838302428333,0.4365300603519678,0.28103689219743094,0.298850625245959,0.2987557798446928,0.004170177089585759,0.8547413145425211,0.010725174592358389,0.3322574866425265,0.17149133061744246,0.024317130636116298
Cntnap_hom,OFT-0599-00,medium,5.110883215047481,319,1.5625422061614314,0.44440665223706394,0.2844125748953695,0.30163781310949944,0.3030008422735852,0.00440926099532774,0.8678185335145789,0.011260543468484154,0.3341590002739345,0.17270977187120934,0.02552988720647348
Cntnap_hom,OFT-0599-00,fast,6.859614640005259,320,2.2925472260699746,0.37470928628085537,0.16344670330879293,0.1753585593913456,0.18493800344140054,0.012364931822783596,0.630473846668159,0.014990455086354349,0.10158887114390618,0.058289663115130265,0.21212906649264932
Cntnap_hom,OFT-0599-00,slow,3.853036215702125,321,1.9627639488375332,0.43370903216451323,0.22096851351961186,0.2468896984652169,0.24608299694741995,0.0019362036570992008,0.8512898672742016,0.01201092680941992,0.12500731566017753,0.06850912123479873,0.028261983546151805
Cntnap_hom,OFT-0605-00,fast,5.956762935258724,322,1.0754442280270218,0.40550304728575876,0.3770563239989513,0.38031545417367607,0.38062164779014473,0.009050110664826961,0.8027042664869922,0.01041197705933672,0.700282303428053,0.35534714024369485,0.025468364987039017
Cntnap_hom,OFT-0605-00,medium,4.431019374834925,323,1.3561571155898968,0.35071482361304857,0.2586092861817827,0.26867552384325744,0.27266736667626096,0.004960016038689108,0.7078301547211593,0.009472858721488855,0.35822688396142677,0.1838498713414578,0.026978621211417912
Cntnap_hom,OFT-0605-00,slow,3.3389052135728527,324,1.7470934346991212,0.36526816379548926,0.2090719114048955,0.22716707475687573,0.22833684760564432,0.0027592465363014142,0.7209067824839711,0.010989827335060605,0.17972991545954564,0.09535987139730312,0.028935090786830157
Cntnap_hom,OFT-0613-00,fast,6.2575407551370406,325,1.9609447730171237,0.31579013449494575,0.1610397900238,0.17629114515051303,0.1725006987921247,0.008649223073234444,0.5266610814000681,0.013839116041840521,0.17238491181562965,0.09311201392873508,0.09289051657559763
Cntnap_hom,OFT-0613-00,slow,3.628396465136123,326,1.7865964785503672,0.38692729609177184,0.216572293037162,0.23612517008129721,0.23756507699517176,0.0026956382378670388,0.7660053017999335,0.011810982550014207,0.17095475108813768,0.09138286681907594,0.029498289249384014
Cntnap_hom,OFT-0613-00,medium,4.752478927163975,327,1.2955313491987406,0.36680858641292285,0.2831337015810435,0.2940639934068805,0.29453110032233304,0.006174471574960934,0.733313440063657,0.010585246935457808,0.4242990901660381,0.21744216855074797,0.028395925298730168
Cntnap_neg,OFT-0365-00,slow,3.6553435503641274,328,2.130071102973108,0.3849269034482635,0.18071082364855837,0.20210825253018033,0.2034457333961317,0.0011721041002063291,0.736214133437874,0.011435978983578673,0.07612911797242701,0.04378254847800284,0.02677103414378027
Cntnap_neg,OFT-0365-00,medium,4.6691649683893965,329,2.0313796931353068,0.4500931598235191,0.22157017781783014,0.24885682879185916,0.24558775552050016,0.001856017604283283,0.8649772867914676,0.013699781869196914,0.12000911600921733,0.06685444893920713,0.027762065707414907
Cntnap_neg,OFT-0365-00,fast,5.823397846042006,330,1.4552233929413665,0.4266637627770534,0.2931946839547847,0.3097347804336681,0.30779750566959474,0.005728694724036888,0.8382009189551308,0.012523124933450917,0.38306053661765466,0.1977918307755528,0.02896325243350222
Cntnap_neg,OFT-0370-00,slow,3.794591006105908,331,2.007554168393558,0.36946111529385584,0.18403544029374713,0.20346545850281605,0.2084271084191462,0.0014284890897753658,0.7305993454652202,0.01232065994173916,0.0845061041783082,0.04841338206002368,0.029506079290314863
Cntnap_neg,OFT-0370-00,medium,4.733266107285291,332,1.9416256252966277,0.4893512061312588,0.2520316994974246,0.27619301780307626,0.2762946495406785,0.003220600226832778,0.9205905142424906,0.01434752480559647,0.18862791203169585,0.10148771841864616,0.03173389132217463
Cntnap_neg,OFT-0370-00,fast,5.6943780207183705,333,1.5808644757629344,0.43658020802515074,0.276165487123401,0.29407839075936937,0.2929955917485093,0.005128261977819336,0.8361289353746459,0.01252991844431104,0.3310821931477026,0.17180605579600683,0.029849133978771713
Cntnap_neg,OFT-0375-00,fast,5.3448862400388055,334,2.252590236786735,0.4166876263097714,0.18498154680105783,0.20294882270690934,0.2201671409319719,0.0072461560187662725,0.7202960989658057,0.013660192967085484,0.11457677900693045,0.06411848598700796,0.11301196382326507
Cntnap_neg,OFT-0375-00,medium,4.242275382076573,335,2.1143042016479234,0.42693970447136953,0.20192917563073737,0.22672762097781993,0.22423483052345156,0.0017218750588101277,0.8072644248693924,0.013831963534440017,0.09740370348062305,0.055617833507531536,0.030959045871086627
Cntnap_neg,OFT-0375-00,slow,3.4925581351785717,336,2.0436654258435176,0.41017480158058195,0.2007054561836037,0.22683865215053453,0.2251001016613719,0.0013451260993532432,0.8120485144916749,0.01346272639677755,0.08070013044509816,0.047081428420937856,0.02857020580019285
Cntnap_neg,OFT-0384-00,fast,6.8235738444501814,337,1.7810308390151113,0.44467594333472626,0.2496733541012837,0.27139176520313246,0.2725285083668991,0.0035559867369780052,0.8583326361769805,0.012821407777337758,0.22148468033055937,0.11715304405394857,0.030353344769603136
Cntnap_neg,OFT-0384-00,medium,4.986498191619596,338,1.862066698578318,0.331195162753443,0.1778642854234542,0.19659249006522583,0.19668500869048486,0.0020017673665205997,0.6505924550843929,0.010402574733071074,0.12512578317482662,0.06776417895394884,0.029540199518700877
Cntnap_neg,OFT-0384-00,slow,3.654931917772753,339,2.121828591241422,0.38812053830623705,0.1829179510109055,0.20736591103867302,0.20525875974758329,0.0012800110094293125,0.7492610374151711,0.013559014733904872,0.0701730345327826,0.04186602463334374,0.03057398022954063
Cntnap_neg,OFT-0426-00,slow,3.8277200144561876,340,2.0079930348698483,0.4241536129900229,0.21123261167960936,0.2367630544870916,0.23902409586410056,0.0012267746515821228,0.8488405807011675,0.011685407380409291,0.08963818464048545,0.050661796010447374,0.0242149854168048
Cntnap_neg,OFT-0426-00,fast,5.420465837931551,341,2.0596080153960874,0.4490481456753277,0.21802602355330722,0.2440652148565053,0.24571728895486064,0.0012224177972748281,0.8816765035067978,0.01154818085653419,0.09316805311363208,0.052358116985083136,0.023347245234642336
Cntnap_neg,OFT-0426-00,medium,4.689478562095741,342,1.9111281780678284,0.3775675586454009,0.1975626559109844,0.2165923054351402,0.2182372504000274,0.0021433227961914526,0.7364298841992317,0.01099945899792894,0.13068040901779387,0.07083993400786141,0.030255855347826818
Cntnap_neg,OFT-0427-00,medium,5.169270064363852,343,1.3203247530279436,0.40645094442190177,0.30784164539048037,0.3085840801275669,0.31287693681261153,0.019323533315060922,0.6668852684472465,0.015158157203693857,0.5793042721116303,0.29723121465766206,0.06501179002116896
Cntnap_neg,OFT-0427-00,slow,3.9202900199237614,344,1.8467820541686284,0.43028085742143546,0.23298951625081515,0.25634091649169444,0.2554042400787301,0.003581487627338258,0.835224272569204,0.014188819589633889,0.17760915580239475,0.09589898769601432,0.037346459158578885
Cntnap_neg,OFT-0427-00,fast,6.159988702688991,345,1.1366340269389348,0.25501259015301764,0.22435769483321838,0.2248639563704888,0.2243883236594575,0.008582679994385913,0.4345305791349899,0.009430119411692318,0.46021484845170507,0.2348224839316987,0.036549651680212625
Cntnap_neg,OFT-0429-00,fast,6.157693223315773,346,1.5231718506673524,0.35588017868529237,0.23364414102674586,0.2341874449827988,0.2419045287043433,0.010656873452964564,0.5896601420915311,0.01330261135333505,0.3820749560384263,0.19768878369588067,0.053907324703655536
Cntnap_neg,OFT-0429-00,medium,4.777069000383783,347,1.6781573983501306,0.442791830184665,0.2638559592920145,0.2856439306981964,0.2808076248986915,0.00436655100050639,0.8523481751047778,0.013772733216013057,0.27440431329308645,0.14408852325454977,0.030304641215541855
Cntnap_neg,OFT-0429-00,slow,3.6754391659839407,348,1.8411377841653416,0.34143139266301414,0.18544586700652504,0.20568806663984712,0.2035564528281113,0.0018419477367139358,0.6823240600713958,0.010099663731880284,0.1255105593143548,0.06780511152311755,0.02716532272181191
Cntnap_neg,OFT-0435-00,slow,3.4817203628420565,349,1.7816295002906648,0.37545646435307295,0.2107376782276107,0.2280891374620469,0.22946154840988853,0.0022717194786882927,0.7323012983986122,0.009033181160773496,0.18170390693509975,0.09536854404793663,0.02382042738899759
Cntnap_neg,OFT-0435-00,medium,3.965127527195972,350,1.8864360645821727,0.4057312492306669,0.21507818730158365,0.23872130771158712,0.23859052134946657,0.0018835620602510512,0.8109862822131269,0.011650903220552532,0.13111853267694548,0.07138471794874901,0.026386068536452905
Cntnap_neg,OFT-0435-00,fast,4.744038696168232,351,2.075531897535978,0.3773293395304026,0.18179886321109254,0.2077496603028811,0.20324018848000588,0.0010909363086848039,0.7366129694081424,0.010568711357993149,0.07668807392920486,0.043628392643599,0.025005191403604507
Cntnap_neg,OFT-0437-00,fast,5.439421917685369,352,2.0964978075964305,0.3474721533209977,0.16573933541068842,0.18555644209399474,0.18642635306331895,0.0009691915045086344,0.6733251678969243,0.009114862010212232,0.07041452918626305,0.03976469559823764,0.024373165440541904
Cntnap_neg,OFT-0437-00,medium,4.490216853076866,353,2.2139405206433045,0.37149033843377194,0.16779598863199272,0.19072476145890432,0.18856575843093723,0.000808249158203001,0.7050898837108254,0.009853071288723357,0.05727992527110905,0.0335664982799162,0.024079043082268718
Cntnap_neg,OFT-0437-00,slow,3.676275947219735,354,2.0490118632842673,0.3453909127261015,0.1685646232289208,0.18975305772954573,0.19058500972669146,0.0008849216390297442,0.6906794324322838,0.009998315314140702,0.06110896827881939,0.035553641796480046,0.024889760775993277
Cntnap_neg,OFT-0440-00,medium,4.328197398256587,355,1.9880126986380522,0.4114641267914814,0.20697258476938668,0.22958843780908456,0.23097480979781437,0.0015936160446632982,0.8067046564932567,0.01159236137924763,0.11024547617142615,0.06091891877533689,0.02615962457476307
Cntnap_neg,OFT-0440-00,fast,5.301285089626474,356,2.0708458640793794,0.45409753885995074,0.21928118685058462,0.24438301484202957,0.2481288004962552,0.0015029923138584888,0.8675489962760027,0.011735949763143419,0.11374498505401683,0.06274046740858012,0.023955707949554515
Cntnap_neg,OFT-0440-00,slow,3.5752514548291088,357,2.174442107332499,0.4155490016436503,0.1911060314010502,0.2186936049875693,0.22006320065639962,0.0008831330918305521,0.8061641461313577,0.012230398742094094,0.05736793276021867,0.03479916575115638,0.025377996074552607
Cntnap_neg,OFT-0441-00,slow,3.7804507004396433,358,1.4454864848482132,0.37960562089593175,0.2626144380283107,0.275108167963108,0.2778412524021494,0.005503124244393218,0.7551744493844321,0.012297888650777817,0.33597788126745015,0.17413788495911398,0.0316021079829085
Cntnap_neg,OFT-0441-00,fast,6.157213943641365,359,1.7370471711909083,0.377460912907814,0.21730032388759438,0.2341180686118405,0.23637716693435099,0.0030468307849861502,0.7350706964633036,0.011116352883272524,0.20004770992892526,0.1055820314060989,0.028857474557078388
Cntnap_neg,OFT-0441-00,medium,4.876455096176022,360,1.769759551140491,0.4469477984148432,0.25254718819108246,0.27690067996739326,0.27540193104012256,0.0035131037960010624,0.8671070002754114,0.013755954903607717,0.22301299890118995,0.11838447690239884,0.029675375420186327
Cntnap_neg,OFT-0451-00,fast,5.915159960420775,361,1.3202545928263605,0.39921373144189637,0.302376324696036,0.31261783085272643,0.31475531609669577,0.007861167863218907,0.7847184392749843,0.01350833308769915,0.4518360619311713,0.23267219750943524,0.03378645127078461
Cntnap_neg,OFT-0451-00,medium,4.845432363650197,362,1.2084679447184088,0.231021586318299,0.19116898162501986,0.1954507931299999,0.19805283047941336,0.0054091630483722565,0.44519315089392747,0.007154102958814268,0.3268458119456052,0.16699995745220972,0.03239020614673027
Cntnap_neg,OFT-0451-00,slow,3.9563974676075135,363,1.6825593631865865,0.3316669091786515,0.19712047992797713,0.21241889939211306,0.2101774612652429,0.004104691372366121,0.637636862190353,0.012319500499015623,0.20169408027551075,0.10700679038726318,0.03835916727817952
Cntnap_neg,OFT-0453-00,fast,5.189966774657013,364,2.036650520596763,0.4379751934015288,0.21504680796840728,0.24264846564889292,0.24226293322145248,0.001239050622739255,0.8697057344546162,0.012164184557278397,0.08854245495555621,0.050353319756417304,0.0246071287599929
Cntnap_neg,OFT-0455-00,fast,5.529051796479693,365,1.9655453740754698,0.39214191094849005,0.19950794121603077,0.2139716146192537,0.23630105880590296,0.0025435760094754344,0.7543089962577555,0.014369567331330723,0.12312661013179113,0.06874808873156092,0.03699849779689552
Cntnap_neg,OFT-0455-00,medium,4.318758078735684,366,2.168119646449635,0.4425328865425049,0.20410907085647537,0.2308848326788713,0.23007758550209573,0.0010671601755729205,0.8524386050576667,0.013002679921489584,0.06913974611418695,0.04107121301783827,0.025983166728224604
Cntnap_neg,OFT-0455-00,slow,3.61425324071439,367,1.9871547922678532,0.3912327044968212,0.1968808398918558,0.2174606604199059,0.22039172137219604,0.0017211818216273888,0.764999247618281,0.012290211030613065,0.10568865139938448,0.05898943121499877,0.029177799924094836
Cntnap_neg,OFT-0495-00,medium,4.969243727510659,368,2.113280909788056,0.4529430568172566,0.21433168431104738,0.23936549016908662,0.24052784460605425,0.0013996688632315266,0.8695979606733675,0.010273797673093216,0.095360996287602,0.05281739698034761,0.026500148497517168
Cntnap_neg,OFT-0495-00,fast,6.010372384439346,369,2.152497772904027,0.4591870563305419,0.2133275407347033,0.23966537775122554,0.239684293781171,0.0010228128999226784,0.8775280685430686,0.010279880382979136,0.08740915891076217,0.04884451964687066,0.020940177266912836
Cntnap_neg,OFT-0495-00,slow,4.001048126010821,370,1.8811452414810181,0.3991181377380722,0.21216763540482822,0.23331557520134674,0.23634710512268325,0.0018433766666360557,0.7899513086646758,0.0104700122254339,0.1398810952291889,0.0751755537273114,0.024520958945279496
Cntnap_neg,OFT-0497-00,fast,6.2215152907495455,371,2.0912178179201355,0.3953322251904059,0.18904402104970194,0.2114151796251066,0.21351000966705247,0.0009720009812998226,0.7646743508083573,0.008791964654090012,0.08488186982541258,0.0468369172397513,0.020752881243748224
Cntnap_neg,OFT-0497-00,medium,4.896854139677778,372,1.8819722478343668,0.3994910834898288,0.21227256881685336,0.2307926826235647,0.23052443584804205,0.00213861833474162,0.7620952198140462,0.009639351556187371,0.16882634289892576,0.08923284722755656,0.023966716306696303
Cntnap_neg,OFT-0497-00,slow,3.7710528425141248,373,2.2019532570573426,0.35685658571607354,0.16206365170211257,0.1827371306784445,0.18441662292722572,0.00061886378671889,0.6858037280178771,0.008316898032217924,0.050911583978616656,0.02961424100541729,0.02089750625740103
Cntnap_neg,OFT-0504-00,fast,5.886708216400024,374,2.0944364126507677,0.3548795919100027,0.16943918171326042,0.18696198609156972,0.18963846321116634,0.0010877569352996251,0.6712035963592008,0.008142363697620674,0.09004321495929181,0.04909278932845624,0.022157163000496197
Cntnap_neg,OFT-0504-00,medium,4.650127844599373,375,1.902547567472563,0.43302309516410836,0.2276017181212228,0.250420628133275,0.24905603735366855,0.0026000003882794684,0.8233654160826599,0.010592027302753961,0.17656011723264048,0.09357607226769722,0.02778488480304593
Cntnap_neg,OFT-0504-00,slow,3.794598768232105,376,1.8750300992776274,0.3230525131552527,0.17229190788975154,0.18883947089337488,0.18963864874107367,0.0015328974139254814,0.6426754977685084,0.00863561136537229,0.11170392764395055,0.06016976950466142,0.025476205518898093
Cntnap_neg,OFT-0509-00,fast,5.819517021657866,377,1.5695904813322807,0.4061764285740633,0.25877860079101495,0.27454900265146553,0.2773402518853494,0.004212512733802648,0.7937600686108962,0.010437996347418294,0.3004027393634667,0.1554203678554425,0.027103994102759644
Cntnap_neg,OFT-0509-00,medium,4.652595538583839,378,2.0347649556864935,0.4841484211757156,0.23793825415691444,0.260034471583662,0.26366857789315556,0.002266899255403012,0.9135390956917361,0.012965333698249629,0.14608677149166968,0.07952605259495965,0.028505114757156797
Cntnap_neg,OFT-0509-00,slow,3.6994756870182846,379,2.1578999673137,0.36135790851115823,0.16745813707064514,0.19026813300446083,0.19094861457755785,0.000645259931568038,0.710319933011083,0.010017549511551649,0.045799691548634676,0.027908620530093162,0.023120452366044767
Cntnap_neg,OFT-0515-00,slow,3.935087228083101,380,1.8204494918342178,0.345357020246476,0.18970975124308834,0.20560432901754222,0.20861550445778254,0.0021335267992367507,0.6736621717759534,0.009785727504366817,0.1510812133944902,0.08043347044942852,0.026525360491291713
Cntnap_neg,OFT-0515-00,medium,5.232426434743658,381,1.6957345687686398,0.45807204599608564,0.270131926560131,0.28891594503480433,0.2904615255378227,0.004113063586466546,0.8950115041692299,0.013028529369376853,0.262344668833428,0.13768659910140243,0.029872650013218687
Cntnap_neg,OFT-0515-00,fast,6.549291314588642,382,1.7520964940787083,0.42895649664272356,0.2448246989206371,0.26278651641698464,0.26369813568527745,0.002922789565025707,0.8159036445553173,0.00993299133386526,0.2426052690893834,0.12626913021162434,0.023147301007991224
Cntnap_neg,OFT-0524-00,slow,3.67176714036691,383,1.5692121598789186,0.3704800252901697,0.23609301199829869,0.2509278312814032,0.24722802588581363,0.004900588793734898,0.6960855631695008,0.011209083949568759,0.2993703187263259,0.15528970133794734,0.03155771922743319
Cntnap_neg,OFT-0524-00,medium,4.655949413720134,384,1.9162643480041337,0.4277530622625843,0.22322236632336573,0.24624204490359822,0.2480341832822343,0.0026449271823137995,0.8210607491452729,0.011997240599732392,0.15945189633575324,0.08572456846774282,0.030853782405554548
Cntnap_neg,OFT-0524-00,fast,5.88538059438173,385,1.887658500774399,0.43649702913584,0.2312372862765008,0.257003351959738,0.25690949218383663,0.00212289672143319,0.8693481128045556,0.011454849319933343,0.14465315768975054,0.07805400350484194,0.027197794169539297
Cntnap_neg,OFT-0528-00,fast,5.838380397461267,386,1.46251692277169,0.45958037113534733,0.3142393527073678,0.3279368432722938,0.3284698504777546,0.005867880487939449,0.8788410882038313,0.01167370925128415,0.4332452421004062,0.22245947567584518,0.026377300720108583
Cntnap_neg,OFT-0528-00,medium,4.315210002192557,387,1.90654408760349,0.4384465892549337,0.2299692895148611,0.252696605542329,0.25205259201381813,0.0025598901613333907,0.844723257139055,0.013000138063659527,0.16383252256543265,0.08841633031454608,0.028952685009957287
Cntnap_neg,OFT-0528-00,slow,3.4677696181939033,388,1.7406506232394177,0.3600735848373055,0.20686149192144873,0.22164551750627662,0.22415331859370888,0.0035139965215468744,0.6915785767503899,0.011264921126166793,0.1976945197456197,0.10447972043589324,0.03363328794225666
Cntnap_neg,OFT-0543-00,medium,4.840935094264548,389,1.8426497489903229,0.4645669014782605,0.2521189399845626,0.2736982232676435,0.27495392839557664,0.0036779762940916207,0.8885788243280056,0.014342312392998786,0.20810062767000317,0.11122147003150099,0.03306894157261108
Cntnap_neg,OFT-0543-00,fast,6.2907107687616515,390,1.3948047673856954,0.4169371890310039,0.2989215399747134,0.300458755477611,0.3129950232823869,0.01565914383718729,0.7101101197615411,0.014742859013235347,0.5141818618150353,0.26446236041413534,0.059211238274761754
Cntnap_neg,OFT-0543-00,slow,3.775824042418095,391,1.8021672160188833,0.37839831780458233,0.20996848374619276,0.22638010447306828,0.2240805584334874,0.004207512417239984,0.6982524428896857,0.012521515445339032,0.20910738126170123,0.11081444835352013,0.037968987616282514
Cntnap_neg,OFT-0547-00,slow,3.9732553292467654,392,1.6340477610237054,0.3590907268613822,0.2197553434034373,0.23628969092738275,0.23615409925436928,0.0040416967684713785,0.6992223237576272,0.011412972190907117,0.23401207262571613,0.12271252240831163,0.032936302580620934
Cntnap_neg,OFT-0547-00,medium,5.013374978986121,393,1.964540087051728,0.3903013336693274,0.1986731328323617,0.22272395723200428,0.2225286477962852,0.0013280546355274687,0.789694520177347,0.01205432237783919,0.08742973455721595,0.049742028467527566,0.02669884354222597
Cntnap_neg,OFT-0547-00,fast,6.208222253485485,394,1.2488170418109683,0.3961307921586053,0.31720482576387443,0.32223338022472725,0.3243940230071285,0.007812046080067991,0.7532324365617923,0.010913922792883663,0.5363238808181192,0.2736189018055014,0.028550827550726326
Cntnap_neg,OFT-0549-00,slow,4.2846629218555226,395,2.0054069579054374,0.43778525324380774,0.2183024505415379,0.2427737805763299,0.24486424078844518,0.002250122322397112,0.8427683943518345,0.012508341148897139,0.12542434569415778,0.06896634342152747,0.032626382823346095
Cntnap_neg,OFT-0549-00,fast,6.3938422070916054,396,2.1325491139247204,0.4611388540466893,0.216238327659434,0.2410552033376524,0.24138064278783566,0.0017604302939467822,0.866206724011816,0.011554766756596165,0.1078816527690048,0.059718209762800484,0.029478952918032465
Cntnap_neg,OFT-0549-00,medium,5.318565504119682,397,2.136916558939491,0.3883166570365005,0.18171821235229432,0.20393370799155303,0.2010229194458186,0.0012580034472129472,0.7294971534456917,0.010499493193044869,0.08891742166533105,0.04970845742918796,0.0253076339977967
Cntnap_neg,OFT-0582-00,slow,3.749181691416522,398,1.667657951769894,0.4148083448941146,0.2487370653279807,0.26726393102232404,0.2677956230437806,0.004415758888162387,0.8245440542380588,0.014348967224228104,0.23467512074454053,0.12451204398438431,0.035464512081387
Cntnap_neg,OFT-0582-00,medium,4.614335345849958,399,1.9227532517328498,0.4292786081357758,0.22326245333294611,0.24603784829586395,0.2462903575461593,0.0030693966219737926,0.8169377603091769,0.013743306102015749,0.16230742770003298,0.08802536690102436,0.03486945559028478
Cntnap_neg,OFT-0582-00,fast,5.618892539671124,400,1.658819794318702,0.4271196001909255,0.25748402668799164,0.27370873666384793,0.2727144294109217,0.004595399128338795,0.7997823244123548,0.012115111650839654,0.29826105831190036,0.15518808498137002,0.029611803824310758
Cntnap_neg,OFT-0585-00,slow,4.124141188449075,401,2.1400687695333422,0.3510582744602474,0.16404065115010216,0.18306323371619737,0.1833007608758813,0.0022700305934140997,0.6604769372078338,0.018622331528754366,0.06830211692547904,0.0434622242271167,0.05222996829503712
Cntnap_neg,OFT-0585-00,medium,5.432361264984893,402,1.478445072344927,0.3441861703120315,0.23280281205586212,0.24907118961297953,0.24763048502846963,0.003891495244206713,0.6969231048218172,0.009000877053829523,0.27708745023168,0.14304416364275477,0.027204851600415636
Cntnap_neg,OFT-0585-00,fast,6.736665400960519,403,1.9614046480982732,0.4524293338939358,0.23066598436615285,0.2528197334550586,0.25694890295133577,0.002029519638193941,0.8672572211780978,0.010686558908953363,0.15357231250325792,0.08212943570610565,0.02471123319848967
Cntnap_neg,OFT-0598-00,fast,6.255476231650661,404,1.6830699676636514,0.4577844632745718,0.27199372103944314,0.2938346921242999,0.2902548681794406,0.0036457685288121904,0.8843770732046647,0.011413295709347633,0.2814341178325124,0.14642370677093,0.02489875860413607
Cntnap_neg,OFT-0598-00,slow,3.663009501256298,405,1.9946803404296112,0.3932889524415018,0.19716891196551115,0.220314498660728,0.22077830981724594,0.0016653693401326873,0.7815133057579164,0.012080660847079962,0.09147633215491068,0.05177849650099532,0.03216333908229016
Cntnap_neg,OFT-0598-00,medium,4.790533127472555,406,1.8436568879509572,0.3746707160595413,0.20322149880933152,0.22553015252667621,0.22457042308358882,0.0019912205253243844,0.7491258403852163,0.010695588746509223,0.13679795420538096,0.07374677147594509,0.027000782345758496
Cntnap_neg,OFT-0606-00,fast,5.406736308513735,407,1.8560822390771825,0.4222807550088391,0.2275118775010697,0.24872306803530358,0.24967431037904997,0.002148660770896623,0.8176332472853982,0.009877695682591411,0.17777234501927705,0.09382502035093424,0.02290072267354673
Cntnap_neg,OFT-0606-00,slow,3.486882045598408,408,2.142820042424,0.4466519322432131,0.20844117723388086,0.23137387339505838,0.23366762057268176,0.0014998294556761973,0.8361925134611744,0.012242681816611123,0.10293506170672771,0.057588871761669415,0.026043737440858652
Cntnap_neg,OFT-0606-00,medium,4.282258363527219,409,1.7356302431537338,0.420843503512119,0.24247301818584566,0.2617039709650176,0.26389156778857237,0.003059738418614021,0.8212023722260205,0.011049212863538136,0.22376599189834656,0.11740760238094235,0.026060820224284548
Cntnap_neg,OFT-0612-00,fast,6.611338956844715,410,1.7910633810682712,0.43883547804596645,0.2450139300956648,0.26675622482176375,0.26588525670467167,0.0029034528496457656,0.8456878741676395,0.01069875910045782,0.217676408240067,0.11418758367026241,0.02542704518584103
Cntnap_neg,OFT-0612-00,slow,3.944870314548472,411,2.0540233226444498,0.37744952352020295,0.1837610699737606,0.20748259652194062,0.20984948305059514,0.0010557584564242024,0.7523770483058396,0.011644015856658477,0.0668116840493412,0.039227849952999834,0.02691349277845054
Cntnap_neg,OFT-0612-00,medium,5.0831666683062,412,1.91908168354622,0.4529618890227663,0.23603054153784117,0.25803401470467674,0.2585218877695755,0.0025631508107584913,0.8569567560783469,0.011748118637453992,0.18131981436726777,0.09653396650236087,0.026551802475616764
Cntnap_neg,OFT-0642-00,slow,4.341852855623623,413,1.9369227351225495,0.39569347636050806,0.20428975776128336,0.2289687904754119,0.2280669888044647,0.001545373779382351,0.7931985380335983,0.011496519058007318,0.10662045947375777,0.059058489265882544,0.026166835599621355
Cntnap_neg,OFT-0642-00,medium,5.400192848344193,414,1.9044240280949651,0.37743420168904573,0.19818811153448898,0.2175287253664884,0.21966747542745144,0.0019775294933726804,0.7356126976991971,0.010066392812910496,0.13471887120975398,0.07239263201133224,0.027316723241435963
Cntnap_neg,OFT-0642-00,fast,6.516123492895765,415,1.6782078406632888,0.45937408405580193,0.2737289583120054,0.29220431277832537,0.29508925786654466,0.00439092531670617,0.893229028417086,0.012771576173973611,0.2773468662121542,0.14505922119306391,0.03026988067764509
Cntnap_neg,OFT-0646-00,slow,4.119251614373309,416,1.8548984869255825,0.43827657088061966,0.23628062342486728,0.2550027605127091,0.2524801974109561,0.003153467754743251,0.822169117017297,0.012389365306071244,0.20840851734923369,0.11039894132765246,0.02856429343270684
Cntnap_neg,OFT-0646-00,medium,5.115859712762303,417,1.8210513040588217,0.4242601131834235,0.23297537649698172,0.2544990785034297,0.2556427873030121,0.002615003488851117,0.8332907546453346,0.011832992556855161,0.1798051236401069,0.09581905809848103,0.027291058175122798
Cntnap_neg,OFT-0646-00,fast,6.1533540624793925,418,1.950590057868755,0.4164306086946731,0.2134895576929535,0.23610999905239577,0.23769157885835984,0.0017844894604760037,0.8143390816157738,0.01100507883893621,0.1283001063574877,0.06965259259821195,0.02561985697746753
Cntnap_neg,OFT-0651-00,slow,3.733021201516201,419,2.076459486229833,0.4036554767334666,0.1943960281480724,0.2166455666956232,0.22018339891411964,0.001364256244101317,0.7850664246613386,0.012745817821977716,0.08303733815756913,0.04789157798977342,0.028486349821102885
Cntnap_neg,OFT-0651-00,medium,4.587653113517016,420,2.1011311401670576,0.4369052918341127,0.20793813555082288,0.23280917927859246,0.2317991891122212,0.002068986304621093,0.8280550425899901,0.011953182919625218,0.10415890853070009,0.05805604572516265,0.03563774071723168
Cntnap_neg,OFT-0651-00,fast,5.773834708944663,421,1.8416223921998842,0.4530845230830091,0.24602466010514965,0.26786250016074475,0.2662197899842865,0.00278500477792229,0.8579887859298841,0.011126216133727064,0.21572856506799465,0.11342739060086085,0.02455319445478942
Cntnap_neg,OFT-0655-00,slow,4.10543257268395,422,1.228917925633085,0.3906224258441148,0.31785883963152634,0.32644958910092214,0.32687441937908435,0.007926720430711335,0.7757971377058823,0.012007142560962542,0.5120861509348436,0.26204664674790307,0.030249272521075544
Cntnap_neg,OFT-0655-00,medium,5.30484192418951,423,1.005808765644057,0.29811648591730694,0.29639479799762114,0.2911571025175672,0.2950252823008491,0.008155014164366047,0.5677132665338852,0.007755305552359155,0.602816449699717,0.3052858776260381,0.02671271343365442
Cntnap_neg,OFT-0655-00,fast,6.57495348686416,424,0.8169344283325319,0.29198300718712444,0.3574130273626725,0.3483664428506586,0.3488224401552412,0.010471620378657074,0.5665505490955092,0.007317105050402223,0.812597824838348,0.40995746494437507,0.025543187462333226
Cntnap_neg,OFT-0663-00,fast,5.812086601108316,425,1.879483753913352,0.4329861921178492,0.23037506507641287,0.25413102737278603,0.2548541991532806,0.002054333302519776,0.8560962730702352,0.01142974131070167,0.15322547614291288,0.08232760872680728,0.024953151613291664
Cntnap_neg,OFT-0663-00,medium,4.592639911769169,426,1.8158101747701274,0.44082960694141576,0.2427729578050319,0.2651440928595829,0.2662152992171424,0.0029265332551905773,0.8583767930938186,0.012502609915989272,0.19631421952332104,0.10440841471965516,0.028029668519041786
Cntnap_neg,OFT-0663-00,slow,3.5480632397124214,427,2.0598459087385246,0.36212315082481666,0.17580108749328022,0.19872301638317214,0.19733020727144535,0.001475751334880383,0.6907929296773158,0.011397662352767674,0.09269903827392516,0.05204835031334642,0.02835346991779614
Cntnap_neg,OFT-0667-00,medium,4.866049021612369,428,2.0674539049325897,0.39302112562915736,0.1900990995211436,0.21292411490516244,0.21336151341552415,0.0013299002523572518,0.7601791543229687,0.011718947842366215,0.08862940872088942,0.05017417828162782,0.026505670803266924
Cntnap_neg,OFT-0667-00,slow,3.8145027111826457,429,2.0807825362479053,0.3803722509471201,0.18280250065584097,0.20782761277267456,0.20739480940077815,0.000977233273016022,0.7614461634798801,0.012314508941872256,0.05525697207423501,0.033785740508053635,0.028924429606125554
Cntnap_neg,OFT-0667-00,fast,6.10260678836775,430,2.0291411904503187,0.4358050340819152,0.21477314448739704,0.2394473049747578,0.2388440529362721,0.001595391160663128,0.8364796793871383,0.011144169855842413,0.12038928234320317,0.06576672609952279,0.024258333283138818
Cntnap_neg,OFT-0677-00,fast,5.977241340856188,431,1.2563025953658458,0.35229290421573556,0.28042042220978214,0.28456546418370215,0.28801077807967246,0.006682597383549022,0.6751532573558627,0.00965509231083001,0.46612698279186365,0.23789103755134683,0.028091001041208364
Cntnap_neg,OFT-0677-00,medium,4.892337810362949,432,1.8994510980653152,0.3615239314921657,0.19033073915953705,0.2117465323894076,0.21156717999358363,0.0016575722198247556,0.7258486437483778,0.010946481427455136,0.10846685540880494,0.059706668418130035,0.02776192783386706
Cntnap_neg,OFT-0677-00,slow,3.8905402474524458,433,2.0522597635184483,0.3952034094576811,0.1925698766223112,0.2154792643909006,0.21502497089779038,0.0019829140430351376,0.7570669361365006,0.012859071564930356,0.09968735116246347,0.05627321136369691,0.035237264676782946
Cntnap_neg,OFT-0686-00,fast,6.178917954415941,434,1.6824034334404716,0.4314262010058788,0.2564344511135616,0.27680272686197305,0.27594214964046826,0.003642302032883376,0.8371515671287421,0.011184664597531008,0.26125514564124847,0.13621990511938975,0.026738397958000967
Cntnap_neg,OFT-0686-00,medium,4.912040036525869,435,2.003868532481159,0.3759534083993502,0.18761380914238446,0.2103368261088719,0.2104516667945277,0.0013123708630266777,0.7462908798866525,0.010995077404611423,0.08602670804372993,0.048510892724170675,0.027053117131624865
Cntnap_neg,OFT-0686-00,slow,3.8423227724293914,436,1.757469289962912,0.4014846468131135,0.2284447580996343,0.2459564177627767,0.24232285602130016,0.004567915515736842,0.7432091146796354,0.012797216912546056,0.23972472964735875,0.1262609732799524,0.036178364518136746
Cntnap_neg,OFT-0688-00,medium,4.7373495197363455,437,1.7900832740849424,0.42783272524935895,0.23900157687806964,0.2609782214377021,0.26184260648381946,0.0028867813035275834,0.8392663319088686,0.011943579442767882,0.19632518904275964,0.10413438424276376,0.02772169177855569
Cntnap_neg,OFT-0688-00,fast,5.993594801058831,438,1.6969131120997614,0.36396444394608024,0.2144861992937932,0.22349496455526027,0.2273726686715929,0.016648870197016954,0.5941851313834771,0.017198095511994856,0.304651822408827,0.16092495896041092,0.10345735244905506
Cntnap_neg,OFT-0688-00,slow,3.766624199489869,439,2.0539085761005653,0.3606099175098917,0.17557252630714718,0.198127895285633,0.19941005012164809,0.0008911654426071361,0.7217155274747372,0.010407988868816763,0.06179411904379955,0.03610105395630816,0.02468530264201379
Cntnap_neg,OFT-0689-00,medium,5.0236727037108,440,2.1314603352313766,0.35594166385247883,0.16699427053323057,0.1879813162592029,0.18907273148510464,0.0008321071252124247,0.691663459197216,0.009458657914064805,0.06049655455605338,0.03497760623505909,0.023789710468476232
Cntnap_neg,OFT-0689-00,slow,4.123345472410799,441,2.0302325689312952,0.33851248513033194,0.16673581653185837,0.18779977129996026,0.18842218487043594,0.0010355306347912753,0.6798202334289499,0.009634373775682424,0.06234146258724644,0.035987918181464434,0.028774396717524634
Cntnap_neg,OFT-0689-00,fast,5.911105040346573,442,2.056535787436423,0.3925614690144927,0.19088482262875697,0.21085268314345237,0.21474476457909258,0.001760781507539986,0.7578710197660256,0.0101408475277777,0.09460496490655261,0.05237290621716516,0.033620084022812774
Cntnap_neg,OFT-0690-00,medium,4.777992545239118,443,1.6278296075603353,0.4657559115636636,0.28612080121930106,0.304143137986349,0.30513080890547667,0.004548685768330818,0.8870925503513578,0.011126245183154599,0.33153327874654226,0.17132976196484842,0.026549303029231242
Cntnap_neg,OFT-0690-00,fast,5.670562827313481,444,2.0943254523464665,0.4305206741218705,0.2055653163358724,0.2312156064321252,0.23125326161198695,0.0010082487326658457,0.8402329884636667,0.010135577269766683,0.08336212977038938,0.046748853520078036,0.02156734672076644
Cntnap_neg,OFT-0690-00,slow,3.9553098197410974,445,2.0900784296658386,0.3340596523903091,0.1598311564048429,0.1763972980384835,0.1798259054364038,0.001560477936833476,0.6447844791647711,0.009183621834747665,0.07091029467575244,0.04004695825525005,0.038966203797236
Cntnap_neg,OFT-0691-00,slow,4.111569759508348,446,2.136476795359402,0.31457670541677385,0.14724087156015903,0.16622115109998964,0.16803700502650487,0.0006328488942076593,0.6201561558847555,0.00922242733190302,0.04261997105807733,0.025921199194990176,0.024414337062382933
Cntnap_neg,OFT-0691-00,fast,6.29124260396778,447,2.152911902579171,0.4006700122852105,0.1861060881335697,0.20314729667306977,0.2022649816697229,0.007599221720461516,0.7063037239686712,0.019980432798270546,0.11782293612269587,0.06890168446048321,0.11029079738710675
Cntnap_neg,OFT-0691-00,medium,5.153553299270371,448,2.10251422013179,0.36219463480082315,0.17226738888744356,0.1929552651079381,0.19449663372249454,0.0010493720769901421,0.7041279264522537,0.010692713364366366,0.06816316661285367,0.039427939988610015,0.026614935431404377
Cntnap_neg,OFT-0692-00,slow,4.008919641603094,449,2.252795172798541,0.4390568465806761,0.1948942593104266,0.22173289551468506,0.22130048337655378,0.0007712444050967752,0.8360046500702848,0.011924069955332137,0.05295836644611733,0.032441218200724736,0.023773595686969164
Cntnap_neg,OFT-0692-00,fast,7.244588884240239,450,1.890591786763561,0.43939260129600377,0.2324100868163533,0.2580789269640939,0.25826926744664724,0.0018984438349603945,0.8767944157325166,0.01164737597939348,0.14279136895836794,0.0772193724688807,0.024585072039085328
Cntnap_neg,OFT-0692-00,medium,4.964602517157832,451,2.101624339166987,0.3367703788383843,0.16024290000936547,0.1781660006684184,0.180916280550062,0.0009820270714592661,0.6480888391721783,0.009013932516242431,0.07115054069209126,0.04008223660416684,0.024500306236832532
Cntnap_neg,OFT-0695-00,medium,5.014983407154314,452,1.8256447214496645,0.40190224735095414,0.2201426392709208,0.24139281810894891,0.24209004012313112,0.0025386300225241744,0.7907588037224202,0.011992524761470521,0.16616040261728507,0.0890764636893778,0.028499447748360728
Cntnap_neg,OFT-0695-00,fast,6.469102219097578,453,2.0424271003109085,0.4037804372807264,0.19769637663898063,0.22019915631437775,0.22073605682942368,0.0013409123383901999,0.7845538481825997,0.01083514479873359,0.097097631557072,0.053966388177902794,0.024847175874913432
Cntnap_neg,OFT-0695-00,slow,3.8810123916463186,454,1.796322883630184,0.4530796446655244,0.25222617202865943,0.2712513297822291,0.26954281318517953,0.0037647442206782612,0.8543543918035739,0.013578532391964087,0.23763375601685394,0.12560614420440902,0.02997261196515665
Cntnap_neg,OFT-0696-00,fast,5.467426523319393,455,1.719949822026481,0.4829562959313001,0.2807967358967896,0.3021325539278795,0.3017551936018089,0.004054325434425979,0.9206757304440014,0.012707408296188306,0.28682925942979753,0.14976833386299293,0.027070645241569213
Cntnap_neg,OFT-0696-00,slow,3.4685691762036237,456,1.9388835690409159,0.4096460219190081,0.2112793302599613,0.2343291633009017,0.2356392448572723,0.0028472481896362127,0.801441067504642,0.014805937848643359,0.12520641332644675,0.07000617558754506,0.040671385999019954
Cntnap_neg,OFT-0696-00,medium,4.252590023204097,457,1.9230765321421737,0.36495450941171603,0.18977638347298745,0.21083608267267706,0.21172146241908346,0.0017668623600523117,0.7190473549254607,0.0107544634632605,0.11512591611254047,0.06294018978790049,0.028072085038294087
Cntnap_neg,OFT-0697-00,medium,4.80590014309733,458,1.9592100196627307,0.42564409118109786,0.2172529166905601,0.237989022419765,0.23761320998181304,0.002396072378888007,0.8008925613210626,0.010355769922330671,0.15956285038522833,0.0849593101537795,0.028202587503959566
Cntnap_neg,OFT-0697-00,fast,5.934521014522925,459,1.6753725337890557,0.3743189997287539,0.22342433827668562,0.24016562974180494,0.24010708406494838,0.002963734637724117,0.7178278745647749,0.008561585336928228,0.23979148929334934,0.12417653731513878,0.023867106474411235
Cntnap_neg,OFT-0697-00,slow,3.9395734699124523,460,2.133444476166647,0.4200371288506819,0.19688214694267586,0.2231961065329349,0.2176989261497451,0.0014720234497468032,0.8071635580419274,0.012030797875981117,0.078439699357051,0.04523524861651606,0.03254151341636145
Cntnap_neg,OFT-0698-00,fast,6.466642254633631,461,2.0144937830999723,0.3577928261331371,0.17760929774752307,0.19713874904545248,0.19823683403224449,0.0012087339033795882,0.697156979709936,0.009047936052423837,0.09311530551715975,0.051081620784791795,0.023662794657045353
Cntnap_neg,OFT-0698-00,medium,4.725176006342734,462,1.9423864169375433,0.39795356481741073,0.20487867982769506,0.22623229467985392,0.22877821338132873,0.0017756829092360285,0.781551755438583,0.010689894686475337,0.12203482877134365,0.0663623617289095,0.02675737967991103
Cntnap_neg,OFT-0698-00,slow,3.7281870649528956,463,2.13969302061159,0.4551571636418791,0.21272077782063392,0.24138976640675863,0.23870519467052442,0.0011280346796885745,0.8843079713493057,0.01352391179793186,0.07314138636623214,0.043332649082082,0.02603198058701229
Cntnap_neg,OFT-0699-00,fast,6.5095707403440795,464,1.949565385925224,0.44437725409725853,0.22793657361041325,0.24445484766777392,0.25108396737916416,0.003988484788134395,0.8038300328874751,0.019306941124111035,0.19284117588535515,0.10607405850473309,0.03760094451327538
Cntnap_neg,OFT-0699-00,medium,4.8383625444247595,465,1.870334556828223,0.39269232786078007,0.2099583341531801,0.22841368342520962,0.23032521214085094,0.0024620811500726232,0.7424643164185465,0.010011899985171754,0.17626203591272982,0.0931369679489508,0.026435058004272934
Cntnap_neg,OFT-0699-00,slow,3.875916666920611,466,2.1107651176898696,0.43906448754602434,0.20801200657823984,0.23548961856556183,0.23376694219637523,0.0011377103834665412,0.8557501458057812,0.01246494925260769,0.0782214613549963,0.045343205303801995,0.025091088639275023
Cntnap_neg,OFT-0700-00,fast,5.722667578441998,467,2.0602174074065043,0.46282585862621445,0.2246490379910151,0.25026329783503476,0.25142465842709033,0.0016127611109603766,0.8898850406784844,0.012726596733397967,0.11346016375881753,0.06309338024610775,0.025561494798178423
Cntnap_neg,OFT-0700-00,slow,3.4351674826625738,468,2.0489214210953732,0.4140023531609503,0.20205867775037495,0.22764673415076192,0.22892352505283725,0.0013458166981505414,0.8160787114365036,0.013091777292178176,0.08369024327995513,0.048391010286066655,0.027811295738498887
Cntnap_neg,OFT-0700-00,medium,4.361719220350246,469,1.9266347520078255,0.37430486006320185,0.19427909710085076,0.21614773089091596,0.21657707820892858,0.001635606893914232,0.7441960337079192,0.010817445822075252,0.11048018346066986,0.060648814641372555,0.026968489055983574
Cntnap_neg,OFT-0701-00,fast,6.14137342997173,470,2.0737754523281247,0.3986723298871013,0.19224469526801066,0.21402957057764693,0.21536360428971568,0.001171313759639283,0.7634471163643093,0.009058566221876861,0.09851560203576279,0.05378708412881983,0.021776859233231378
Cntnap_neg,OFT-0701-00,medium,4.923673505728133,471,2.195848854742241,0.40685846992583263,0.18528528001695801,0.21044992834796286,0.20994299732102695,0.0007559084976672356,0.7827123901199554,0.010094266438833077,0.05836514996581354,0.03422970820232331,0.022083404661215576
Cntnap_neg,OFT-0701-00,slow,3.8050826278090075,472,2.177648108149238,0.4425290936274021,0.2032142346467094,0.2293939902672631,0.22939090324133352,0.000981525028599868,0.8481255961548915,0.011684634912393865,0.07172261198129863,0.04170362344684625,0.023535725375299344
Cntnap_neg,OFT-0703-00,fast,6.31006778238259,473,1.5152929118206004,0.4053472385424737,0.26750421346289766,0.2815269899513519,0.2830828097682424,0.004294411809251252,0.7875720049962741,0.010132916997396995,0.3369390325884559,0.17353597479292646,0.024746521949558883
Cntnap_neg,OFT-0703-00,medium,4.998404567546697,474,1.9744769010001781,0.4310688379807286,0.21832052720513934,0.24244288477192544,0.24254138200808417,0.0020367014639739323,0.8311226266268359,0.01147554887623407,0.13502138724130816,0.07324846805877111,0.0278053796611798
Cntnap_neg,OFT-0703-00,slow,3.853274758402085,475,1.3819424348257365,0.38576473688449386,0.2791467482023873,0.2909561984373926,0.29471080565430735,0.0059293831126407005,0.7440536948782899,0.010834559728843242,0.40907834943082866,0.20995645457983594,0.02824101371166016
Cntnap_neg,OFT-0704-00,fast,5.95233851448174,476,1.9130658952404431,0.42879012676874084,0.2241376671005096,0.24763907006110603,0.24894971630289603,0.0022345477647648005,0.8394954347765352,0.012565272891213458,0.14458164280364086,0.07857345784742716,0.02843896432690813
Cntnap_neg,OFT-0704-00,slow,3.4776283417916796,477,2.0887486293073487,0.3232163783786134,0.15474163517981357,0.174420580491653,0.17524669986681324,0.0007333069134257336,0.647087803625151,0.010574441223222996,0.04480836055685429,0.027691400890038645,0.026481394579409817
Cntnap_neg,OFT-0704-00,medium,4.3911109709759675,478,2.0620718153892796,0.42841255709317744,0.2077583107901125,0.23255574593575523,0.2327799032032502,0.0016514122104360567,0.8248959601374863,0.013269370895283975,0.10154362306877604,0.05740649698203001,0.028766991494934786
Cntnap_neg,OFT-0705-00,fast,6.253456716360787,479,1.3647709429424204,0.4751391030780074,0.3481456764119087,0.3627380866384401,0.36151605846815604,0.006949333255191063,0.9212950313042183,0.012525889400623724,0.5153091650206509,0.2639175272106373,0.02633145789383164
Cntnap_neg,OFT-0705-00,medium,4.975044319759687,480,1.4207087769112974,0.4283115579306518,0.30147737867983454,0.3133763082146096,0.3149239920698122,0.006214311557199397,0.8233933763748869,0.011787116337419148,0.4279318000752408,0.21985945820632996,0.028264927094323572
Cntnap_neg,OFT-0705-00,slow,3.7619753756256133,481,1.8233772723404933,0.39790108788233186,0.21822202893402562,0.2381644424813602,0.2389473410822071,0.0026711249273450918,0.7778020798363544,0.011828476943523592,0.17042596350303296,0.09112722022327828,0.02931204222844008
Cntnap_neg,OFT-0706-00,fast,5.2386736065899315,482,1.9327790011385932,0.4282412914236795,0.22156764491512174,0.2430186594705947,0.24206361526105286,0.0026444762910222135,0.8089539880409022,0.012123378186191044,0.16588556039665034,0.0890044692914207,0.02971172472658201
Cntnap_neg,OFT-0706-00,medium,4.198822641643378,483,1.9793153845202014,0.42179354328049506,0.2131007249169341,0.23849646865411056,0.23892491758322576,0.0016411720797280369,0.8335699603719152,0.012601302866683555,0.10893687353119004,0.060769088198936796,0.027006692520305915
Cntnap_neg,OFT-0706-00,slow,3.4178056664389262,484,2.2164019829654547,0.4293787687499179,0.19372784000825827,0.22324633921134757,0.21484067758065378,0.0009292222584276197,0.8225837059163025,0.013344797735401618,0.05587909849373122,0.034611948114566415,0.026846863844585424
Cntnap_neg,OFT-0707-00,fast,6.9057996417960466,485,2.064546899214487,0.4495452019471848,0.2177452118516787,0.23838132903843956,0.23947123481062968,0.002163179313043271,0.837163393723786,0.011317778325386102,0.1362364910922521,0.07377713470881911,0.02932045709799964
Cntnap_neg,OFT-0707-00,slow,3.945339172040655,486,2.157528550730738,0.39926858542275945,0.18505830909515905,0.20609861579681604,0.20804487377279793,0.0013376600550028643,0.7555039841524862,0.012890469189895767,0.07760626114705153,0.04524836516847365,0.029562616240881686
Cntnap_neg,OFT-0707-00,medium,5.187599451557699,487,1.349512767588112,0.4338946123024581,0.32151945703924467,0.3310959533866096,0.3325197668515577,0.007243782045904581,0.8382181829400343,0.012360348698719182,0.4844430921039276,0.24840172040132338,0.02916156149885502
Cntnap_neg,OFT-0709-00,fast,6.493245407135583,488,1.9383695741202729,0.3855123515047413,0.19888485490683874,0.22099862635154655,0.22161065619438575,0.0015535690527829593,0.7583359761875589,0.00983261011937691,0.11913101256658759,0.06448181134298225,0.02409313603985845
Cntnap_neg,OFT-0709-00,slow,3.8412497248028084,489,1.2873636872625218,0.3573531349794922,0.2775852220434893,0.28523093160542157,0.287594744531416,0.006378641636458649,0.70131925070565,0.010183946745289722,0.43234300555456023,0.22126347614992498,0.028828262790812218
Cntnap_neg,OFT-0709-00,medium,5.049967344352083,490,1.6880379469006535,0.4501686873980403,0.2666816159106962,0.2840954227158082,0.28730715193482953,0.004012388567382558,0.8661359335414859,0.011979383327585729,0.2763422939500028,0.14416083863879428,0.0278327221544257
Cntnap_neg,OFT-0710-00,fast,6.207960435708974,491,1.8463289633643714,0.45467323688159705,0.24625797780537104,0.26899659842404894,0.26956607647528885,0.002961117567336978,0.872257543975695,0.011651809299828925,0.20236906991673614,0.10701043960828253,0.02767129616676941
Cntnap_neg,OFT-0710-00,medium,4.597861766151092,492,1.3660273613998437,0.47287723082070315,0.34616966261650844,0.359328619966376,0.35862816094769345,0.007768509671491992,0.9111271796265779,0.013654479270192223,0.5154822659998689,0.2645683726350306,0.02936295670612365
Cntnap_neg,OFT-0710-00,slow,3.557024792544982,493,1.9888355639601458,0.402111879340369,0.20218457806521148,0.2268461172022325,0.22177523681868389,0.0020224362118666326,0.7751877932895019,0.013072595252061881,0.1184191381449946,0.06574586669852825,0.030761419894886042
Cntnap_neg,OFT-0711-00,fast,6.629860037402492,494,1.6741568076043682,0.46017075557841014,0.2748671770100739,0.29027166529575565,0.2920928888154157,0.004328847067177263,0.8503011723538316,0.010590621391302077,0.326899856512153,0.16874523895172752,0.02565315083298797
Cntnap_neg,OFT-0711-00,slow,3.9666604746348977,495,1.8435653902755267,0.4197705986549334,0.22769498758717602,0.24994012935605062,0.24865949895612155,0.0027317404770686826,0.8108272688456424,0.010970966531394616,0.18228778002847681,0.09662937327993572,0.02827029074435595
Cntnap_neg,OFT-0711-00,medium,5.186358440887509,496,1.3345204911527029,0.4341399716655108,0.32531532827234366,0.3316796987624445,0.33580175197251005,0.006699102295093092,0.8345647168173477,0.011015259195949274,0.5033945564775684,0.2572049078367588,0.026045779419360208
TSC_het,OFT-0361-00,slow,3.5011177044709028,497,2.2014311307809655,0.38038622857277227,0.17279042857808088,0.19579913768440405,0.1989166496749603,0.0004913156557604689,0.749884813116252,0.010943541288197188,0.03363994424945947,0.02229174276882833,0.022040253238858488
TSC_het,OFT-0361-00,fast,5.152112940924098,498,1.895522703758051,0.3786453997616107,0.19975777605349215,0.22019429819162656,0.22042093601754453,0.0017391402149340937,0.7476085529734752,0.01009818104171212,0.12902904183790667,0.0695636114398094,0.025000717745065636
TSC_het,OFT-0361-00,medium,4.241918802523332,499,2.0626147076010564,0.31986768642757846,0.15507873828728955,0.17071611214590116,0.17625059287460543,0.0010819497580783798,0.6162583852708973,0.008782241961257438,0.07658685022906973,0.04268454609516359,0.025347575576092893
TSC_het,OFT-0373-00,fast,4.849084263507478,500,2.0808731431490775,0.3237773603498911,0.15559687596328167,0.17085571996814264,0.17648338953136006,0.0011082905428714544,0.6236626202011576,0.008990820704398082,0.07271601459800446,0.04085341765120127,0.02712846578305465
TSC_het,OFT-0373-00,medium,3.985072806325665,501,2.062766555935343,0.38898032434760943,0.18857214997420285,0.21284046995431927,0.21293351202964833,0.0010792164307551525,0.770604499775689,0.011728728225896788,0.07108024265117383,0.04140448543853531,0.02606520572166613
TSC_het,OFT-0373-00,slow,3.2915048482568827,502,2.0629701182761013,0.3777550775363926,0.18311223909149957,0.20834612748084536,0.2061383143252395,0.0008717388918002856,0.7568921989487946,0.010776837400203243,0.06122960034764644,0.03600321887392484,0.024212804273221204
TSC_het,OFT-0378-00,fast,4.935400162602465,503,1.8836802679175262,0.38935564573378817,0.2066994342751354,0.2259696267404997,0.22956720952180729,0.0020146075675583244,0.7622311634155009,0.010679540294418173,0.14320053155239057,0.07694003592340437,0.026184125642518728
TSC_het,OFT-0378-00,medium,4.102997693308909,504,2.09807386222377,0.3403785843269279,0.1622338424092263,0.18420251866755993,0.18317142180528811,0.000848750069512755,0.6699568447500719,0.009962369683414513,0.0572397760927571,0.03360107288808581,0.025259612165946726
TSC_het,OFT-0378-00,slow,3.3410978475681588,505,1.822632056298011,0.35050145648351666,0.19230510912631926,0.20866533382937646,0.20736398480522406,0.002942401475647531,0.6606268651551638,0.011260410721594807,0.1734889328314697,0.09237467177653226,0.03185290317204729
TSC_het,OFT-0387-00,fast,5.946810428142138,506,2.0286210542375067,0.3217434351611725,0.15860203880320342,0.17856880757274862,0.17879046965615814,0.0008931268365748075,0.6404511957822152,0.00867235423184461,0.06596217654116364,0.03731726538650412,0.023933340970311533
TSC_het,OFT-0387-00,medium,4.668475731754788,507,1.9416403147084236,0.41960297867318375,0.2161074713450187,0.23845234982622426,0.24046509986128203,0.0021916361442942444,0.8189122211933221,0.012848665580718871,0.1322251161258224,0.07253689085327064,0.030214089941179564
TSC_het,OFT-0387-00,slow,3.605658741740169,508,1.9670957051022442,0.4116352695850448,0.20926041804541948,0.23032152399868014,0.23281785663690016,0.00218576244254735,0.7935535462173319,0.013836851527620276,0.12865293776399087,0.07124489464580556,0.03067956593119944
TSC_het,OFT-0392-00,fast,4.519737045599477,509,1.8238991284549912,0.3604440243499998,0.19762278446578826,0.22053694107773522,0.21786243257843318,0.0022441338673908967,0.7287476873527701,0.012773912219327822,0.12813602436576976,0.0704549682925488,0.0318520314716859
TSC_het,OFT-0392-00,slow,3.175381414611756,510,1.9491627760964383,0.3697444151433845,0.18969396485390852,0.21306155514334202,0.21283798650205832,0.0017437371499420744,0.745812871859562,0.01510055995605655,0.08614391559481135,0.050622237775433954,0.034446070078479975
TSC_het,OFT-0392-00,medium,3.6712266816205075,511,1.6691817201544414,0.43026135950165173,0.25776783576436585,0.2763927802458158,0.27827753075174727,0.005084906234023294,0.8431916709948527,0.016842350096701507,0.25219917760052846,0.13452076384861497,0.0378001587899521
TSC_het,OFT-0393-00,slow,4.241286127439068,512,1.9012625699694052,0.40182953090816925,0.2113487833059457,0.23065025828281888,0.22840612861583642,0.0029014624147108556,0.7446265664131395,0.012445521934506432,0.18066195626253753,0.09655373909852198,0.03005023359841349
TSC_het,OFT-0393-00,fast,6.274401346043543,513,1.2830870165269344,0.39519495990029346,0.30800324125327755,0.3173565709595998,0.3166720931069522,0.007336218436505144,0.7668422544711977,0.0116572629860292,0.4897730884428862,0.25071517571445767,0.029261166244122554
TSC_het,OFT-0393-00,medium,5.294120169373761,514,1.7514394453681335,0.45424043449426155,0.25935263459752966,0.2804526584366394,0.28098725326507845,0.004048944341498174,0.8695088576191111,0.013729294512698902,0.24756734186517634,0.13064831818893763,0.030991170782947053
TSC_het,OFT-0396-00,fast,4.162616181963434,515,2.089265874260733,0.35540418324073425,0.17010960051529617,0.19085516271538658,0.19224844941203684,0.001076539491024528,0.6912644178745049,0.01065765232852464,0.07008708372984947,0.040372368029187054,0.026665255063717037
TSC_het,OFT-0396-00,medium,3.5709252662765274,516,2.007491362838081,0.40513776010142993,0.20181295302245705,0.22571691444564543,0.22572940292326027,0.001796169065071172,0.7929643581610426,0.014167559239175006,0.09998612916402579,0.0570768442016004,0.031469312821972885
TSC_het,OFT-0396-00,slow,2.932368673150291,517,1.8029974069109704,0.30708647658667976,0.17031997683945824,0.18856869132988635,0.18769744828592605,0.002164548458287862,0.6151099468162682,0.011250315899945993,0.12113834605694145,0.06619433097844372,0.03269990686955882
TSC_het,OFT-0397-00,medium,4.192981131853997,518,2.053841516344786,0.4170392472018118,0.20305327547571198,0.2296422672184396,0.2283254870005785,0.00128538743217286,0.8247122188137552,0.013139698827588038,0.08006878269238174,0.046604240759984886,0.027580911333642266
TSC_het,OFT-0397-00,fast,4.86807990810976,519,2.0747151370360704,0.419996440722817,0.2024357142941668,0.22804326067616004,0.2291311781263513,0.0011070793744788969,0.8301383259772064,0.012293869372018963,0.07498394566728815,0.04363890751965356,0.025369090048377216
TSC_het,OFT-0397-00,slow,3.262021750911782,520,2.1085507702604516,0.4063599997216187,0.1927200451860234,0.21455897514839295,0.21496177137369016,0.0015137268225119162,0.767947900250839,0.012102316392478812,0.09613621454606114,0.05411926546926998,0.02797020265124332
TSC_het,OFT-0408-00,fast,4.226651703428658,521,1.8466038777089435,0.39161212357554337,0.21207153754134386,0.2336624641993636,0.2332425336671043,0.0023762188975464628,0.7753964190516403,0.012467615978391269,0.14781618925489737,0.08014190261664432,0.029650143307840014
TSC_het,OFT-0408-00,medium,3.4722770001343024,522,1.919991082764172,0.2700364130243055,0.1406446183257995,0.15243339446651996,0.1564713255618323,0.002641586163594245,0.518642545907552,0.014986886800794384,0.09100335178051057,0.052995119290652475,0.04984583861593798
TSC_het,OFT-0408-00,slow,2.9178695691105343,523,2.033514231318142,0.38355154006597975,0.18861512457542934,0.208198225077987,0.21254062647068503,0.001967155403953752,0.7575766567444451,0.020920160677942005,0.07146473322065199,0.04619244694929699,0.042586083523849565
TSC_het,OFT-0409-00,fast,5.338504068507536,524,1.5060161866822106,0.41424320390058816,0.27505893201133236,0.28690461498164455,0.2897746138502996,0.005249361339440838,0.8029719984873799,0.011827060516445493,0.34977944364669145,0.18080325208156847,0.029033555973166984
TSC_het,OFT-0409-00,slow,3.614833855343359,525,1.9974447074570065,0.44597937223379563,0.2232749525275132,0.25033532785963825,0.25094617866995805,0.001827994026509599,0.8849258929946814,0.01595504577740231,0.10174308716460063,0.05884906647100147,0.03106241332494821
TSC_het,OFT-0409-00,medium,4.331987667519533,526,1.2222167766416685,0.40062588935796734,0.3277862790091806,0.3351472459632221,0.3373068778743391,0.00873329987787728,0.7893432538853681,0.012851292459332406,0.5366370749885382,0.2747441837239353,0.03178702369420332
TSC_het,OFT-0413-00,fast,5.362708928522584,527,1.3996457297559735,0.42619888043493936,0.30450482673872525,0.3152556328794698,0.3168698717061914,0.006552870737850345,0.8283752529295622,0.012277751603650269,0.4316604585319454,0.22196910506779782,0.029521544161962756
TSC_het,OFT-0413-00,medium,4.224368311458086,528,1.989274861016486,0.3926342997818421,0.1973755902093955,0.21933476836590013,0.2201921478622227,0.0018216892272153277,0.7621705659724629,0.01237859627767908,0.11076086414644801,0.06156973021206354,0.029587416104324568
TSC_het,OFT-0413-00,slow,3.4503185918580352,529,2.1527020267353945,0.3472070954689318,0.16128897132850137,0.17764174360650542,0.18130448954172676,0.0014373190950490652,0.6451422030273904,0.011347484118296721,0.0801879411434847,0.04576771263089071,0.03140465215381887
TSC_het,OFT-0459-00,slow,3.3878432194789965,530,2.0927452856128754,0.3960602857629429,0.18925393763195306,0.21424178470616279,0.2140432720766101,0.0009779693470614898,0.7779199981419561,0.010705263865402319,0.07081569323888742,0.040760478552144874,0.02399307814333862
TSC_het,OFT-0459-00,medium,4.0516951908256,531,2.0939574815983524,0.44013064165457416,0.21019082074131473,0.2380252788998347,0.2389470947702929,0.0009929583629183308,0.8723756713779547,0.012332281426637486,0.07003228225437809,0.04118228184050779,0.02411130026169738
TSC_het,OFT-0459-00,fast,4.820656311166202,532,2.084719056002531,0.38466241451911687,0.18451522923991054,0.20967490827053908,0.20900077993216815,0.0008356663793026492,0.766810773965794,0.01059811701491367,0.05988995223923494,0.0352440346270743,0.023710860239045794
TSC_het,OFT-0462-00,slow,3.4845061753803592,533,1.9871047361516156,0.3944200685828022,0.19848982361476694,0.21818533060416215,0.2196898443660942,0.0028586276568103256,0.7498168024009128,0.013936316050982625,0.12531267083437989,0.06962449344268126,0.041057787503527135
TSC_het,OFT-0462-00,fast,5.262165530989757,534,1.930604179997079,0.3993777490651988,0.20686671727075773,0.22786960997893024,0.2294847530564814,0.002091770346088906,0.7756592452803368,0.01184492453305704,0.13412644482076871,0.07298568467691288,0.028660008539326383
TSC_het,OFT-0462-00,medium,4.248012015695366,535,2.065345027393454,0.41096630624252634,0.19898191381668653,0.22406314166010602,0.22351824478052998,0.001481717717778781,0.8030836501515549,0.013576558413601903,0.08377792519673036,0.04867724180516613,0.030439640021294838
TSC_het,OFT-0467-00,fast,4.845588518307478,536,1.6919333180073424,0.4082668752068532,0.24130198918695295,0.2617259014685797,0.2614922825456309,0.003442128718048699,0.7966934943728912,0.011414966278049537,0.2371398103887725,0.12427738833341101,0.027697143979355007
TSC_het,OFT-0467-00,medium,3.924163551385216,537,2.007787643275288,0.41748013669733347,0.20793042436315695,0.2305301888159914,0.2325474996351735,0.0018207843978070074,0.807462453687276,0.013092358846855678,0.1141209566877775,0.06360665776731658,0.02862568890929202
TSC_het,OFT-0467-00,slow,3.1901724651980565,538,2.085159472043367,0.40607680013683856,0.19474615998502057,0.21985373560018354,0.2208679748142367,0.0010915274845961932,0.8029513415827182,0.012996618763089307,0.06761047218558734,0.04030354547433832,0.02708266659297207
TSC_het,OFT-0470-00,medium,4.151465298761314,539,2.2327998628194634,0.47127404053460137,0.21106864452217453,0.2392806645776881,0.24124295956916536,0.0006810392909159824,0.9132292574827043,0.012316671207822774,0.048150308113468654,0.030233489660645714,0.02252599017051203
TSC_het,OFT-0470-00,fast,5.08638461438808,540,2.140266959322434,0.4569174963122845,0.2134862169048928,0.24303577354895822,0.24332589616598255,0.0007564858743137929,0.9093177771494894,0.012119265405062736,0.053466978894401204,0.03279312214973197,0.02306843096121532
TSC_het,OFT-0470-00,slow,3.4138016495721097,541,2.1204047238897163,0.3832231131410903,0.18073111648143167,0.20383728816387836,0.20488314932270557,0.0008978049078368897,0.7476986374349516,0.010241349467505725,0.06533267244526196,0.03778701095638384,0.023759616998369967
TSC_het,OFT-0475-00,slow,3.172117484010977,542,1.051708811945272,0.337637112135614,0.3210366864865478,0.3236848313637532,0.323355669326745,0.009070688898888771,0.6630742779808005,0.009935875800735013,0.6103661160902999,0.3101509959455174,0.02924604150064432
TSC_het,OFT-0475-00,fast,4.432895543781916,543,2.031132643203571,0.3520835623939323,0.1733434611333971,0.19194758252222,0.1954491184218211,0.001048441941004829,0.6845713656724584,0.008035191218782097,0.08908889633161064,0.04856204377519637,0.02158974086548501
TSC_het,OFT-0475-00,medium,3.6949230178662495,544,2.128944188467568,0.3846110862775012,0.1806581348449287,0.20592771836121943,0.20505649891094269,0.0005616759472137769,0.7643951929658929,0.008345755919377194,0.051306390263517174,0.029826073091447185,0.01883170960829037
TSC_het,OFT-0480-00,fast,5.001632175828698,545,1.7574606376457316,0.43365819434899566,0.2467527209769647,0.2642893794199127,0.2664875909299116,0.004002750196828997,0.8232444252082987,0.012807596254354493,0.24040884893439218,0.12660822259437335,0.0316152467415405
TSC_het,OFT-0480-00,slow,3.2995000764227522,546,2.0834320898867262,0.37267149947263106,0.17887384056414948,0.20044603555697293,0.19947678557410514,0.0018254490446262112,0.7189183392752393,0.016304956018521655,0.07534544737245132,0.045825201695486484,0.039835046591971845
TSC_het,OFT-0480-00,medium,4.01922894485917,547,2.0427644247725443,0.37071062498391105,0.18147497601207177,0.20235172442974936,0.2022827805838227,0.001503005864353835,0.7183469420146754,0.012219124240671066,0.08844865641450653,0.050333890327588796,0.02986071322069087
TSC_het,OFT-0485-00,fast,4.666130131274176,548,2.127594579600655,0.36772832013629514,0.17283759023550296,0.19437504671827674,0.1954778170071125,0.000992375379222352,0.7132864716011277,0.010262256417729751,0.06425462249432809,0.03725843945602892,0.0266349153027066
TSC_het,OFT-0485-00,medium,3.926065503582624,549,2.1779823034330037,0.4608221014981322,0.21158211468099167,0.24045189249734578,0.2406710541309413,0.0009592111337979722,0.896873054743786,0.014509686887248536,0.05860649936770422,0.036558093127476377,0.026237996890408028
TSC_het,OFT-0485-00,slow,3.224629645428742,550,2.087789788457983,0.42400060154220764,0.20308586807265186,0.22972486248215843,0.22747018851130285,0.0013026697432799957,0.8288114438498007,0.0134434035038612,0.07924332192844366,0.04634336271615243,0.028109089779666887
TSC_het,OFT-0489-00,medium,4.084881253627316,551,2.0392678430339797,0.44013677542639085,0.2158307830576903,0.24366084543803898,0.24378901678898351,0.0011056308440197094,0.8769186771823847,0.011237157302707542,0.08621466308599988,0.04872591019435371,0.022690819722190194
TSC_het,OFT-0489-00,fast,5.0113455259841135,552,2.033286092353783,0.36536977077133753,0.17969422608324453,0.2012481506455493,0.20165565322516132,0.0010454809230158455,0.7159073638058604,0.008744390216742481,0.08591744173140611,0.047330915974074295,0.022088753228196808
TSC_het,OFT-0489-00,slow,3.4117693597885324,553,2.224034913741213,0.3372123310532913,0.15162186931950702,0.17252811545643018,0.16791689967196316,0.0008828921954193353,0.6246729360641824,0.00863466949258217,0.06509221039273642,0.036863439942659296,0.023950347466016875
TSC_het,OFT-0513-00,slow,3.115998284105757,554,2.098467995620673,0.4333985490775288,0.20653093112784912,0.23449367628151624,0.23473981370388725,0.0011381965502061794,0.8561301513338772,0.01431989104790991,0.0679692945542433,0.04114459280107661,0.027663332475036592
TSC_het,OFT-0513-00,medium,3.734431820048111,555,2.1356655106586473,0.45180232588380875,0.21155107090926015,0.24144568887921836,0.24092380345560208,0.000904523291469158,0.8933452451485125,0.013486420470570347,0.058593722213763244,0.036040071342166795,0.025097710902998907
TSC_het,OFT-0513-00,fast,4.514823271182444,556,2.0825340876909344,0.3744744393940841,0.17981671541774985,0.2034978761642784,0.20357555124250662,0.0009480143562363026,0.7387876155033553,0.010550700482792006,0.06630939331678314,0.03843004689978757,0.02466857140998032
TSC_het,OFT-0514-00,slow,3.516793316651673,557,2.1192586722497015,0.3361200216236635,0.15860264064266158,0.17934471227591764,0.18147558465726524,0.0006051132107138892,0.6686134004244526,0.008957652019364189,0.04499308740661669,0.02697536971299044,0.02243206366222617
TSC_het,OFT-0514-00,medium,4.321168916249943,558,2.1899272603118423,0.43805570910085184,0.2000320819050736,0.22317651089944984,0.2266514089236735,0.001090569355793394,0.8329223170374049,0.012082109189505185,0.0730451456354799,0.04256362741249254,0.025622096190826747
TSC_het,OFT-0514-00,fast,5.288297051055686,559,2.1625314444420605,0.40663243819042094,0.18803538752488907,0.21285596830122555,0.21299862904055467,0.0007877404671206812,0.7909499716936765,0.010507303060354115,0.05919506021117095,0.034851181635762535,0.022602977292234518
TSC_het,OFT-0525-00,slow,3.6276439715802558,560,2.046861754412961,0.37663864106787986,0.184007855076612,0.20693951320732695,0.20718610242024738,0.0010995985394427435,0.7418510132969695,0.01033805922425771,0.079058142241412,0.04469810073283485,0.0246005651563398
TSC_het,OFT-0525-00,medium,4.651752513740489,561,2.0866861608819445,0.44220011322188907,0.21191500739861704,0.2380821353571101,0.23892841215589877,0.0012356056024925442,0.8622590124454772,0.012122861861056308,0.08718510259707814,0.04965398222906722,0.02488432039131045
TSC_het,OFT-0525-00,fast,5.8203955274982615,562,2.061707047203322,0.3539594691988485,0.1716827178133721,0.19435390080480874,0.19410668512320073,0.0007763540308352978,0.7078379674065843,0.009137071945929533,0.06011785356287738,0.034627462754403454,0.022420182395158927
TSC_het,OFT-0526-00,medium,3.856673226806798,563,2.1000179451954977,0.4714828103413788,0.22451370542811572,0.25153496097358957,0.25371328521495673,0.001883323721745515,0.9130079130822076,0.013952075849144697,0.09269606151599637,0.05332406868257053,0.03531845502931581
TSC_het,OFT-0526-00,slow,3.20708890969911,564,2.036294215106346,0.3278058707152758,0.1609815852166314,0.18072160761945072,0.18066930218603727,0.001450455944523021,0.6409064087911784,0.01209765516883867,0.07288396371130781,0.04249080944007324,0.03413575697042595
TSC_het,OFT-0526-00,fast,4.6062549606951295,565,2.1025203289465924,0.4273214996174932,0.20324250554646975,0.22999193930631695,0.22762068925811985,0.0012140677049105935,0.8284180984861015,0.012566175275241682,0.08281117775513712,0.047688676515189404,0.025458196654375567
TSC_het,OFT-0531-00,medium,4.301337455175209,566,2.1409413470155614,0.4155152834622614,0.19408064776808723,0.22259970612369936,0.2205915705738578,0.0007820954835273053,0.8182898171075825,0.011130024929064812,0.05683797139926158,0.0339839981641632,0.02301363952967843
TSC_het,OFT-0531-00,fast,5.342742810759832,567,1.972245125592091,0.3992455238002137,0.20243199925787905,0.2205893936361284,0.2243953829717959,0.0018180512379805456,0.7587977955903565,0.009458970220325127,0.13805994225402143,0.07375945623717328,0.02464838179032405
TSC_het,OFT-0531-00,slow,3.554402586010788,568,2.13434005287478,0.4636540567098879,0.21723532577921878,0.24475795045865384,0.24506496611802708,0.001156233229918747,0.8965907962929207,0.012751257593375557,0.08165238146599485,0.047201819529685204,0.024495522448908826
TSC_het,OFT-0532-00,medium,3.7052480466160747,569,2.121477659611695,0.39481379097091523,0.18610320461408017,0.2135754419161922,0.21008416743934832,0.0009005736493033721,0.7843469973855026,0.012490550827059525,0.05102998977287256,0.031760270299966045,0.028355352167904406
TSC_het,OFT-0532-00,slow,3.0371762559996434,570,2.0177851286958055,0.36301840242476,0.17990934577825776,0.20139799270043918,0.2043037163126166,0.0011959067066364733,0.7256152949579849,0.011933486940872033,0.07244722283078897,0.042190354885830506,0.028345500052622565
TSC_het,OFT-0532-00,fast,4.422144543352925,571,2.0832499790131926,0.39140068763180913,0.18787984714979347,0.21251748700063983,0.21276850322293375,0.0009282501497957193,0.7754543916042959,0.010901272107712778,0.06599589497837724,0.038448583543045006,0.024142635807545405
TSC_het,OFT-0536-00,medium,4.207030494525299,572,2.047714467134503,0.4293176687408179,0.20965699839079097,0.23608250590681368,0.23524752582705555,0.0012181024487290754,0.8462333428980049,0.011535673765510299,0.08947120962593316,0.05050344169572173,0.024119196787973834
TSC_het,OFT-0536-00,fast,5.315863900800902,573,1.9426699674551744,0.34827152616847135,0.17927467454736748,0.2002922173564175,0.2004893717734092,0.001185147325599685,0.6955679573195193,0.008539487135526064,0.09630453221937701,0.05242200967745154,0.02260781936617467
TSC_het,OFT-0536-00,slow,3.3776151814980393,574,2.0610488175893273,0.4063439574908477,0.19715397035870375,0.2221660467733786,0.22258748461827227,0.0012071851820476265,0.7981162453984048,0.011715716109720525,0.08217172831071423,0.04694372221021738,0.02571558294081931
TSC_het,OFT-0537-00,medium,4.060775288089718,575,1.9856585341349144,0.35517300840015664,0.17886912693923668,0.20026111719115758,0.2001502018118902,0.0014081605437229747,0.7018729619601867,0.01124100877055055,0.08910631721294635,0.05017366299174845,0.028065731297205878
TSC_het,OFT-0537-00,fast,4.8172871495195695,576,1.9925406040662015,0.4562573351778363,0.2289827039141619,0.25717961861487504,0.25724055549280483,0.00154942168898855,0.9093357117807642,0.013389390081108718,0.10529360773762317,0.05934149890936594,0.026110255343482786
TSC_het,OFT-0537-00,slow,3.3236227130218183,577,2.1050569631291403,0.4038512285816709,0.19184812366376594,0.21477941216774935,0.21648521745981378,0.0013768343238568638,0.7847976278007427,0.014254720885789862,0.07296486410362671,0.04360979249470828,0.031571677944212465
TSC_het,OFT-0544-00,medium,4.226970137530832,578,2.1601374093562407,0.4526185330303706,0.20953228765445014,0.23529290558669178,0.23763315691640613,0.0012465017985219698,0.8693147326133096,0.014358809542423233,0.07475222935150624,0.04455551944696474,0.0279763722652971
TSC_het,OFT-0544-00,fast,5.140850344380874,579,1.6555064967260436,0.38175192085251614,0.23059524176285318,0.24904803681062893,0.2493287255282361,0.0035012872539814093,0.7614338198004702,0.01206517254412974,0.22095902699766296,0.11651209977089635,0.030050846743524217
TSC_het,OFT-0544-00,slow,3.459018271090764,580,2.02127845690684,0.37004939399257125,0.18307690003229807,0.2059997140975573,0.2058927410878464,0.001130275342151094,0.7485406529260505,0.0136876819976079,0.06243523684351954,0.038061459420563715,0.029696058936206547
TSC_het,OFT-0588-00,medium,4.1358888941904315,581,1.1046910370203624,0.3040969440063764,0.2752778232243149,0.27738302087677036,0.27828373255219097,0.007772308841065747,0.5819561477277563,0.008233068112757109,0.517559328606711,0.2628961983597341,0.029564173577095648
TSC_het,OFT-0588-00,fast,5.0590044647782575,582,1.128483543962028,0.36470370455385004,0.3231803480920957,0.32870132629565346,0.32836170069034065,0.008157539348665503,0.7093734778114005,0.009745781313684778,0.5862062721255092,0.297976026719597,0.02737649548009429
TSC_het,OFT-0588-00,slow,3.328782054405622,583,1.9692803314330658,0.41884078616033416,0.21268723374469461,0.23651521780697526,0.23719831680676445,0.0018152817702189277,0.8230262149226053,0.012835946861036198,0.11614826763273782,0.064492107246887,0.028147347756365182
TSC_het,OFT-0589-00,slow,3.4426467906211347,584,2.231547234083445,0.4249769057989308,0.19044047076757487,0.21543106142320842,0.21543516286879633,0.0009485097046136983,0.8081589856234204,0.013650661122029348,0.05627194413591411,0.03496130262897173,0.027130273567887237
TSC_het,OFT-0589-00,medium,4.113253989718164,585,2.205844996028868,0.4755795854906551,0.2155997299659904,0.24297902265844984,0.2418579023229075,0.0015891695765267086,0.8826020639313877,0.014984060268562903,0.09321355384981689,0.054098807059189895,0.029375316442523156
TSC_het,OFT-0589-00,fast,4.967701321387442,586,2.1081496416052707,0.4278247896484778,0.2029385301712769,0.22818484547293066,0.23082611016915433,0.0010526925475936256,0.8411442144168709,0.012883349906018162,0.06911699355322536,0.04100017172962176,0.025675320448306255
TSC_het,OFT-0591-00,slow,3.4356280618301267,587,2.0974656622794594,0.4439550928496611,0.2116626273477034,0.24039475838179927,0.24063087951222217,0.0008708520703869274,0.8863969988689631,0.012183468189178204,0.06334542301326435,0.037764445601221275,0.02306010472344296
TSC_het,OFT-0591-00,medium,4.146317176627063,588,2.0745940888916117,0.39254342556607213,0.1892145686078742,0.2151208009055964,0.2147189644922724,0.0008947684249735434,0.781596103888491,0.010708052315319665,0.06532377828181148,0.03801591529856557,0.023536679781252172
TSC_het,OFT-0591-00,fast,4.82364790614782,589,2.1033806737221097,0.42790084887257573,0.20343481054970858,0.23235186426996723,0.23159025324506222,0.00072817592791103,0.8579095907065273,0.011042422052717485,0.056292072673112085,0.033667247362914786,0.021628614898678403
TSC_het,OFT-0592-00,fast,4.797905610574774,590,2.091017431875296,0.43574576278544486,0.20838934967397818,0.23399914621903886,0.2339955986288741,0.0011360692439520332,0.844722296615808,0.01056498366566378,0.09081225572622238,0.05068861969594308,0.022412708232474515
TSC_het,OFT-0592-00,medium,3.9425435499932417,591,2.057258934337391,0.39054638759863036,0.18983822652563612,0.21463050336062323,0.21479801413357866,0.0008993494529023809,0.7770346414263037,0.009700155706274492,0.07207284005356078,0.04088649787991763,0.021996245693229638
TSC_het,OFT-0592-00,slow,3.3716362344810604,592,2.078783698274485,0.3988172469936514,0.1918512480758309,0.21799166482976368,0.2172967744151908,0.0008626328602333022,0.7941584722683929,0.010539654477320897,0.06532723215628695,0.03793344331680393,0.02274069488047686
TSC_het,OFT-0594-00,medium,3.890435740278278,593,2.1854345751104303,0.3244521826104346,0.14846117394936886,0.16727337332136932,0.1678726291468277,0.0006557411186037034,0.6259688380263744,0.008811035379532314,0.04640458560349803,0.027607810491515172,0.02375201462663021
TSC_het,OFT-0594-00,fast,4.663351979657863,594,1.852359521151495,0.4390802214311842,0.2370383375459618,0.2603740062784688,0.26276667730126746,0.002185805496510423,0.8695316839107599,0.011661536464630681,0.16579526625455748,0.08872840135959409,0.02463478957151384
TSC_het,OFT-0594-00,slow,3.149702013494971,595,1.9374730943383354,0.4265117186471307,0.2201381376048416,0.2454350474693131,0.24591666852992977,0.002045875499017126,0.8480454454971692,0.014539512289193156,0.11910850765513127,0.06682400997216222,0.03061587444197683
TSC_het,OFT-0595-00,medium,3.839137180089278,596,1.9660828294480968,0.3542937015052554,0.18020283591241673,0.20230631640977198,0.20180716190951192,0.0013451929321369317,0.6985336740338556,0.009541738511780716,0.09843617096831311,0.05398895474004692,0.024916076605186053
TSC_het,OFT-0595-00,slow,3.0494090720237486,597,2.0320449931231703,0.35002489653257424,0.17225253265411225,0.19326282629414504,0.19139021906331583,0.0012917051509850198,0.681190582408087,0.010243829663977308,0.08517019533263044,0.04770701249830388,0.02707579207628949
TSC_het,OFT-0595-00,fast,4.656119626687766,598,2.0387706367016216,0.4418070209864391,0.21670266043325329,0.24463860900711065,0.24469598844775006,0.001162510677371335,0.8822107505592934,0.01224728003422771,0.08374228073871373,0.04799478038647072,0.024221606349907082
TSC_het,OFT-0601-00,medium,4.463173813956448,599,1.5940231003532361,0.4133252578027821,0.25929690586741755,0.2800593156349037,0.2786562620416628,0.0034278105230245307,0.8247149056473277,0.010234517712730292,0.27582456555426976,0.14302954163350004,0.02396575199694045
TSC_het,OFT-0601-00,fast,5.696932761976598,600,2.010386300189747,0.41744252020502715,0.20764293915334955,0.2341183956779842,0.23384436325430658,0.001085828797417467,0.8342569009138152,0.010021582397622648,0.09010723503038165,0.05006440871400215,0.021688637203734307
TSC_het,OFT-0601-00,slow,3.6163611187862092,601,2.0887756706947602,0.4188120744023264,0.20050600946679104,0.22701761132802245,0.22783627444173155,0.0008565106618342267,0.8322258636517019,0.01055547442597726,0.06753922159541842,0.03904734801069784,0.0219351814007847
TSC_het,OFT-0602-00,fast,5.674176156019805,602,1.336348291689745,0.42418094216903995,0.3174179551894249,0.32825996061334994,0.3298304553128265,0.00716555430617039,0.8281851060580654,0.012309332802085673,0.47539332108118587,0.24385132694163578,0.029384930547806363
TSC_het,OFT-0602-00,medium,4.5344245284349345,603,2.0353512304959462,0.3721915888111774,0.18286356832893502,0.20665486966790678,0.2066890079714238,0.0010947250731297392,0.7390619859404404,0.010723005922785885,0.07523856662050525,0.04298078627164557,0.02547010345997159
TSC_het,OFT-0602-00,slow,3.551724551652259,604,1.9873269620742842,0.38568438315439074,0.1940719320548192,0.21618725403790703,0.2169780260230369,0.0013642080413322603,0.7643287633832468,0.01086907183193783,0.09553191051254553,0.05320049117224168,0.025642771547268354
TSC_het,OFT-0604-00,medium,4.310361629355847,605,2.09560968490301,0.404825389356138,0.19317785762899561,0.21922947623984956,0.21847013665266424,0.0007921734766129523,0.80098767857737,0.00948361030444528,0.0672717340211256,0.03837767216278544,0.020641519716277045
TSC_het,OFT-0604-00,slow,3.422809398825191,606,1.882207296961931,0.31927797336638347,0.1696295481808671,0.18885281964380804,0.19130538655146576,0.0013198646452469932,0.6516509736399594,0.009528736187234186,0.09084283084378585,0.050185783515510014,0.02629957236473326
TSC_het,OFT-0604-00,fast,5.3351658338190635,607,1.3469785492728867,0.39100331432480945,0.2902817676910127,0.3021553257644505,0.30256699506584805,0.005258394101693617,0.7729214873203059,0.00966376621196065,0.4236441964469889,0.21665398132947478,0.024270932246091323
TSC_het,OFT-0610-00,fast,5.359247791566474,608,1.717132208582701,0.3398697424202662,0.19792869804753727,0.21297974056381916,0.21508889835486733,0.0024861321942206125,0.6632529000152838,0.008846263246468214,0.1881000189205408,0.0984731410835045,0.02524680503602897
TSC_het,OFT-0610-00,slow,3.4071675607253944,609,2.0265405151664693,0.39040675546740145,0.19264690369900236,0.21828052753016894,0.21774189240555397,0.0012265571078342314,0.7802316396103764,0.012276890095666373,0.0757324538663321,0.044004671980999235,0.027873338275623237
TSC_het,OFT-0610-00,medium,4.149990809898877,610,1.9852552676926438,0.35488850759221124,0.17876215384869837,0.20078774892515527,0.19942284412451888,0.0012673894010168099,0.7053171642404743,0.010350791969220171,0.08617644665583882,0.048263619312529496,0.026259725629150833
TSC_het,OFT-0614-00,fast,5.032086181879652,611,1.998398341907879,0.4432569615978919,0.22180610957408656,0.248501571413478,0.24831168801826592,0.001409552653845597,0.8759597104114394,0.011077571032444618,0.10950303021051921,0.06029030062148191,0.023379426529901264
TSC_het,OFT-0614-00,medium,4.210337651069329,612,1.9369208395139654,0.393868161661657,0.20334757808713078,0.22695078462850266,0.2272132699907806,0.001478331816868836,0.7818334274476676,0.009978613955439235,0.1153602309158105,0.06266942243562487,0.023589363989869293
TSC_het,OFT-0614-00,slow,3.3257903674212352,613,1.9991046827844765,0.31623762030576696,0.1581896251002182,0.17859339705745964,0.17768434002893257,0.0012366768168872442,0.6192347852972335,0.009371763057043308,0.08193927283248277,0.04565551794476304,0.027087127089072887
TSC_het,OFT-0617-00,slow,3.6314056819674216,614,2.0229635393066308,0.3560171106643727,0.17598790277080195,0.20072046169433894,0.19725561334286293,0.0012545090666802106,0.7094485754326049,0.012834932295015672,0.07042819823569231,0.04163156526535399,0.03013360316106634
TSC_het,OFT-0617-00,medium,4.333290495192357,615,1.8655411699781934,0.30882333151700675,0.16554088244571769,0.18435338388890765,0.18373541700848978,0.0020541991276617063,0.6161806808964209,0.012200829570363312,0.1033690447240695,0.05778493714721641,0.035549041481663365
TSC_het,OFT-0617-00,fast,5.262601660211762,616,1.7389221110586401,0.40337537286260855,0.23196862602260962,0.25078769585567495,0.2545985569371251,0.004010320885125887,0.7875958169020225,0.015030175585885366,0.2069415641374043,0.11098586986164484,0.03613361673990716
TSC_het,OFT-0620-00,slow,3.0864800673881927,617,1.8976207930204034,0.35249622583919177,0.18575693686309733,0.20899466673572595,0.20686329270949577,0.0016789594113577355,0.715280482258607,0.01237252500993463,0.09706542526053727,0.05471897513523595,0.03068331245620461
TSC_het,OFT-0620-00,fast,4.37887842369209,618,2.0846355946484394,0.4224170095697152,0.20263350134388985,0.22937094379924036,0.22739807953359478,0.0014786114408144404,0.8187856029286392,0.01277912839964142,0.0873824167193773,0.05008077255950936,0.029524533373710526
TSC_het,OFT-0620-00,medium,3.6687950826227493,619,2.132119383309446,0.43344992489591916,0.20329533528423924,0.2304142767955243,0.23201425123934555,0.0008756079695650182,0.857566350767188,0.013088806333152236,0.056727870872891356,0.034908338603021796,0.025083060512344813
TSC_het,OFT-0621-00,slow,3.037857955816564,620,2.0510390969718864,0.44853606169491506,0.21868723144143126,0.24566044167268905,0.24805927072001918,0.0014185463917463386,0.8876383421159729,0.014614622792452934,0.0860018295922945,0.05030822619237371,0.028197106101931654
TSC_het,OFT-0621-00,medium,3.6603822997703235,621,2.1320336554126134,0.48232682229314167,0.22622852180060768,0.2572226969355599,0.2569598772656295,0.000992481447380126,0.9522615465638411,0.01437481609033666,0.06533439334713989,0.03985460471873828,0.024902554030688827
TSC_het,OFT-0621-00,fast,4.585600365680828,622,1.6319708709036906,0.38967060251163926,0.23877301332949794,0.25560820058226874,0.25647639848545095,0.004000130925240989,0.7594870831220718,0.011588101950629025,0.25546553191112076,0.1335268169308749,0.029957509788552848
TSC_het,OFT-0624-00,slow,3.035621652935645,623,2.005356628617426,0.32666546177306693,0.16289644301237496,0.18488416111994038,0.18494941954803026,0.0012853369443129108,0.6591419908918149,0.014116181208178431,0.05892677238553983,0.03652147679685913,0.035194002462229305
TSC_het,OFT-0624-00,medium,3.642541353098509,624,2.0255828015667645,0.40368501454081823,0.1992932672160193,0.22513970099992206,0.2274088744967538,0.00113364778145732,0.821690260527392,0.014776150718682785,0.06176888349894422,0.038272517108813506,0.0296204134740921
TSC_het,OFT-0624-00,fast,4.513990054311149,625,1.121855717538325,0.2686029240767896,0.23942733444028066,0.2398602240488441,0.2421069265206361,0.008626139273975153,0.5176945132082409,0.009978355571345883,0.43599812452581516,0.22298824004858053,0.038684278920250906
TSC_het,OFT-0628-00,medium,3.687995510558756,626,2.149614628240526,0.378024147969773,0.17585670612931598,0.19803035464791868,0.2006655594178619,0.0007963636013287156,0.7393494586775322,0.011017549477103903,0.053347173681527825,0.032182361579315866,0.0247453437923136
TSC_het,OFT-0628-00,slow,3.01982874665961,627,2.0341908223436262,0.4030899341448428,0.19815738509744918,0.21885806442886813,0.22172899205744673,0.0018364846882703311,0.7675216939627375,0.012661817598501207,0.1130758186639844,0.0628688181312428,0.029211376050310798
TSC_het,OFT-0628-00,fast,4.436491458383078,628,2.066907154150246,0.42788331265741997,0.2070162231517036,0.23153991731815896,0.23334956442450883,0.0012984704350513141,0.8363618393965065,0.01229594211056088,0.08854218541755382,0.05041906376405735,0.025753561016675707
TSC_het,OFT-0630-00,medium,4.04348637969088,629,1.955128562733733,0.41754175510723174,0.21356230125522255,0.23871315647088848,0.2374215307775674,0.002150325319108286,0.8282362266325053,0.01589461792457059,0.10995776207071054,0.06292618999764056,0.03417218362003028
TSC_het,OFT-0630-00,slow,3.411286966862967,630,2.046615040464249,0.3586486863805179,0.17523993486296424,0.19873460611807017,0.1948842111821713,0.0014623976933533138,0.703558389589347,0.013752377236744344,0.07389095069118917,0.04382166396396676,0.0333715692438288
TSC_het,OFT-0630-00,fast,4.971202422904768,631,1.3446146484297898,0.39190615671141743,0.29146354843677813,0.3023900144681428,0.30297014811850104,0.007090359790636198,0.7626203941950682,0.012531423022304842,0.4338333208764229,0.22318237194936388,0.031769354043091155
TSC_het,OFT-0632-00,medium,3.3936331511318176,632,2.037469632779011,0.42387009429046835,0.20803750272946633,0.2331099296523793,0.23435266081169015,0.0012540763605756167,0.8350561630840759,0.011363358413829398,0.09239270883988535,0.051878033626857376,0.024173552328444047
TSC_het,OFT-0632-00,fast,3.7918778561336475,633,2.10282377262008,0.40091941463415,0.19065763848323428,0.21693369191356254,0.21642043802033795,0.000876359036659448,0.792833713600771,0.01106168934348298,0.06298968002748118,0.03702568468548208,0.023668948841966235
TSC_het,OFT-0632-00,slow,2.8593148770143237,634,2.0094798903664133,0.32733255994402094,0.16289417053302005,0.18463455565033324,0.18335423837158327,0.0008775078779752542,0.6599741025542595,0.009303451128967764,0.06364081527637819,0.03647213320267298,0.024059680663563246
TSC_het,OFT-0634-00,medium,4.064209697400958,635,1.9123896094129929,0.3596230544811596,0.18804905271972575,0.20995492088744633,0.20804396583963108,0.001735148602669228,0.7178184874944067,0.011938236155621573,0.1064913395069224,0.05921478783127199,0.029302622980148157
TSC_het,OFT-0634-00,slow,3.2479862460777387,636,1.9222353395184173,0.36738844339160937,0.19112563162201157,0.20834748743600948,0.21177561748235163,0.0024193857607985045,0.7258036453108748,0.015551697730777046,0.10885920357039484,0.06220545065058594,0.038893468908189885
TSC_het,OFT-0634-00,fast,4.971573026811326,637,1.869804970167128,0.398226306009855,0.212977456132369,0.2337029166174327,0.23205508508017986,0.002980056750344747,0.7634313842364753,0.012925540884674774,0.1651972675967241,0.08906140424069943,0.033460697995405235
TSC_het,OFT-0636-00,slow,3.520442368460665,638,2.197300445832795,0.4428674883843658,0.20155072066920524,0.22756740715306556,0.22887296243897548,0.0008194752201290893,0.8506700413821218,0.010803809545725141,0.06456794038642523,0.037685874966075186,0.021744890383115178
TSC_het,OFT-0636-00,medium,4.485197519235455,639,1.2474179676359813,0.4412236736701553,0.35370957058309116,0.36198139674064483,0.36316349702798745,0.008487388086421738,0.8517967974222853,0.012168143464661583,0.5861430049025281,0.29915557418359484,0.02837115139700837
TSC_het,OFT-0636-00,fast,5.4905519574162645,640,1.9928529836989375,0.39467574628357094,0.19804559067423663,0.2208630065515615,0.2213441927964631,0.0013779858355746307,0.7711449133675676,0.009885660183607576,0.1080888811148635,0.05898727064923554,0.02336073224626285
TSC_het,OFT-0640-00,fast,4.50503411911928,641,2.1277056199214264,0.4055726959555964,0.19061504192980122,0.21682018183940283,0.21568343421491964,0.0009599843538776365,0.7942479899775521,0.012361336445647783,0.06236968395502507,0.037365510200336426,0.02569172342972566
TSC_het,OFT-0640-00,slow,3.1816710029750177,642,2.1002023895201702,0.31025295572077477,0.14772526555960055,0.16852414025517454,0.16860341347805322,0.0008725140789710282,0.6094956716105547,0.010212132779848518,0.05158458884961497,0.030898360814731744,0.028238199566723625
TSC_het,OFT-0640-00,medium,3.777413002173431,643,2.161779382909765,0.36859944599658906,0.17050742962515097,0.19436824091835359,0.1934517766400175,0.0008626632825387247,0.7197555225404693,0.01215717112017954,0.048300369743135466,0.030228770431657503,0.028537822419508287
TSC_het,OFT-0647-00,slow,3.951327201546417,644,2.2062936440165495,0.3829982868479483,0.1735935231861074,0.19823815015569607,0.1989174469507373,0.0008430184361973105,0.7366367372705449,0.012741522846141875,0.04885519602246606,0.03079835943430397,0.027372186430759553
TSC_het,OFT-0647-00,medium,4.874673246564146,645,1.986241773264157,0.385302305301202,0.19398560159572242,0.21724513318123706,0.21717224641726263,0.0014534899298052893,0.7635035546695947,0.011738142168492536,0.0949055714677367,0.05332185681811462,0.027258801859868963
TSC_het,OFT-0647-00,fast,5.750160005518767,646,1.7948733424432715,0.3990139425163647,0.22230757629572176,0.24309743110063253,0.24404683390041074,0.002655951176328954,0.7884692688179624,0.012358296593548462,0.1740999717053685,0.09322913414945848,0.028488424788662283
TSC_het,OFT-0650-00,slow,3.5355512303854115,647,2.0698003476468894,0.41400808321639315,0.2000231972552666,0.2247091738709579,0.22844229257202872,0.001404163864211322,0.814153403711583,0.014643532037757296,0.07688413238807809,0.045763832212917695,0.03068282956895753
TSC_het,OFT-0650-00,fast,5.515815905061649,648,2.077687243046953,0.44406047117311515,0.21372825609782115,0.2356182200078575,0.2409222756913197,0.0014452822655656634,0.850856979208852,0.01154735499773514,0.10622951545677878,0.05888843522725696,0.024542718107352656
TSC_het,OFT-0650-00,medium,4.462930535999531,649,2.010669888393198,0.3894301872535663,0.1936818119680375,0.21614737867532757,0.21780629835632473,0.0013985665539796622,0.7694227629931747,0.011628020306455936,0.0901520856613041,0.05089005298388002,0.027482120217533938
TSC_het,OFT-0657-00,slow,3.1413555417413854,650,1.9978332050889198,0.3645157510669519,0.18245554740928835,0.20490725902842333,0.20473380756464832,0.0012621702362452815,0.7235111542656575,0.010694361670581088,0.08538460529350139,0.04803948348204124,0.026273601312077444
TSC_het,OFT-0657-00,medium,3.730436143209484,651,2.050478134896544,0.38594278491854034,0.18822087314674676,0.21261540537512316,0.21253943415577853,0.001132441501436918,0.7664598521821866,0.012061020046841574,0.07209113474241878,0.04207607739463018,0.02691414151599222
TSC_het,OFT-0657-00,fast,4.508388046168821,652,2.0902887211001375,0.4310385462805966,0.20621005219496052,0.23379219421809583,0.2340123869152922,0.001157097889807431,0.8484725444460243,0.013266216004148037,0.07435859748268038,0.04381240674341421,0.0264102790924939
TSC_het,OFT-0661-00,medium,3.6877673413304826,653,2.001701983064279,0.3809010046152965,0.19028856834732175,0.21274677676807469,0.21479975657737305,0.001176272952190098,0.7516049605503982,0.009485780096052828,0.09419347792463316,0.051839629010342995,0.022690612850555104
TSC_het,OFT-0661-00,fast,4.500477752103477,654,1.9531715618145424,0.29268783991283936,0.14985260160194297,0.16738876691086266,0.16909293450279023,0.0008748113059277224,0.5872477914128484,0.006760167895135561,0.07594525494930815,0.041352711422221855,0.02115487173248867
TSC_het,OFT-0661-00,slow,3.1400439682666694,655,2.2368388245560094,0.2728320353557334,0.1219721476400464,0.13745666743191992,0.13879093136734671,0.0003963537627936817,0.5312034178507477,0.009042669137243131,0.02267609366724453,0.01585938140224383,0.02499175426461491
TSC_het,OFT-0668-00,fast,5.966322382893487,656,2.01522105412418,0.4405921452196839,0.21863216658937015,0.24646892372240056,0.24660028263631528,0.0012992350411917455,0.8806943271185058,0.012599877770065607,0.09091521574287428,0.051757546756469944,0.0251023304351135
TSC_het,OFT-0668-00,slow,3.6656959675648566,657,2.05417624045168,0.43756442507107457,0.21301211476132217,0.24001511596626113,0.23743273361801587,0.0020305588321028576,0.8540328120368724,0.014526651493372225,0.09373459183781717,0.054130621665594694,0.037512202328787894
TSC_het,OFT-0668-00,medium,4.759876527583454,658,1.7599650314731443,0.3542282832636077,0.2012700689667157,0.22171719391930786,0.22127171676833984,0.0025920481925832068,0.7196258232585352,0.011042424507017456,0.14829908705717307,0.07967075578209526,0.032534499856793485
TSC_het,OFT-0670-00,medium,3.643043523698453,659,2.057682341142178,0.4385860739452722,0.21314566645006144,0.2408901683721913,0.2360103813126507,0.0013486853462428231,0.8532439482438376,0.01154930425566189,0.0991609317021087,0.055355117978885295,0.024364239396206633
TSC_het,OFT-0670-00,slow,3.0726487229252863,660,2.1466003112561207,0.37379652243126366,0.17413419744289987,0.19513125525078062,0.19771862616851377,0.001375647196890005,0.7142766714316148,0.013631077893315637,0.06708455574396124,0.04035781681863844,0.03408626395902293
TSC_het,OFT-0670-00,fast,4.419934587228892,661,2.157864536014047,0.3900034184782944,0.1807358209791514,0.2037379184349834,0.20260531626198938,0.0008172344781738229,0.7463011548572595,0.008541510790806573,0.07191718253993708,0.040229346665371826,0.02031438603692943
TSC_het,OFT-0674-00,slow,3.247466976724201,662,2.073365766396702,0.35939722911276956,0.17334000345600634,0.1942814386877552,0.1962528655844032,0.00104751380355481,0.7070783629162702,0.010945204763218887,0.06731754516936304,0.03913137496629097,0.026769154021732494
TSC_het,OFT-0674-00,fast,4.444689853497579,663,2.0839052677792793,0.4624933567411641,0.2219358835030067,0.2500056313350893,0.24976048039135648,0.0012645355696348055,0.9035194352000138,0.012213002212864213,0.09102529764859252,0.051619149930728365,0.02449741174218834
TSC_het,OFT-0674-00,medium,3.8605330699855744,664,2.014372048118824,0.429833504504624,0.21338337419149342,0.2392343289911792,0.24040925717541328,0.0013503080668442575,0.8548480087751472,0.012384375040498623,0.09317587004004907,0.052780122540273845,0.025583647817678058
TSC_het,OFT-0678-00,medium,4.206912253813145,665,2.0208569685085362,0.35784205335936303,0.17707440899365734,0.20006855339818708,0.20118602558389642,0.0006553158674613968,0.7222080537532617,0.0068581132514214695,0.06895997528533764,0.03790904426837955,0.017286530961372844
TSC_het,OFT-0678-00,fast,5.124956648621051,666,2.1338119932330324,0.4033957650096919,0.1890493475006152,0.2144873568517907,0.21120385937199598,0.0008518391503035363,0.7843114412426528,0.009503601905740667,0.06870371645830188,0.03910365918202127,0.02178412885449828
TSC_het,OFT-0683-00,medium,5.029862815108703,668,2.214630397428693,0.41289596684828805,0.18644012442332716,0.21062625783093097,0.21047901109052558,0.0008784523305440146,0.7858666499466989,0.011371009298239036,0.06087230733030714,0.03612165831427309,0.024319269145982248
TSC_het,OFT-0683-00,slow,3.8888695931396566,669,2.1003201863586654,0.41232593785032573,0.19631575248780384,0.22056169825782196,0.22740529326012918,0.0010475525250216893,0.8162802051562255,0.013692084009623708,0.062248260941605356,0.03797017247561453,0.02758882714305435
TSC_het,OFT-0683-00,fast,6.117747267393395,670,1.981631849583505,0.46684270203671124,0.23558498120366364,0.26123804877106194,0.26119940903416206,0.002143868766900797,0.9015517696703811,0.012521484094247316,0.14175166269964895,0.07713657339694813,0.027793155341090354
TSC_het,OFT-0693-00,slow,3.7696007566199206,671,1.599131294358907,0.3681007754626923,0.2301879631529969,0.24826775252244787,0.24847559945478362,0.004179322144790321,0.7387977861644794,0.01322000790506635,0.23351114255249913,0.12336557522878275,0.03387753947598205
TSC_het,OFT-0693-00,medium,4.718096708092405,672,2.0044430985037414,0.3631779139499751,0.1811864423694925,0.20221968283319514,0.20476231657466876,0.001190485420836046,0.7270161037983245,0.011325957473218103,0.07620895857583247,0.04376745802452529,0.02720024133384562
TSC_het,OFT-0693-00,fast,5.814444339916267,673,1.9603318102049145,0.41915060956420463,0.21381615468474727,0.23995955769966143,0.24303290214206058,0.0013284161971112388,0.8520571302176235,0.01225415429079671,0.0922921454731861,0.0522731498819914,0.025412973966753263
TSC_het,OFT-0694-00,slow,3.5176116906113952,674,2.030444169491346,0.4264668179701694,0.21003621984691417,0.23642975161785681,0.23584975224676857,0.0015045973022929403,0.8409631203023546,0.013746044359534065,0.09214641648510252,0.052946230422318295,0.028417458434561397
TSC_het,OFT-0694-00,medium,4.680223572944636,675,2.0699507081474104,0.4568605301512192,0.22071082579551168,0.24693526489608986,0.2497967330346161,0.001337622726360127,0.899018868682503,0.013753964212650778,0.08680769973838653,0.05028083197551866,0.026603034870453315
TSC_het,OFT-0694-00,fast,5.894033908254788,676,1.9040566366700689,0.41815402342700053,0.21961217716627063,0.2398302086324873,0.243746398806444,0.002168074342568695,0.8115493628399242,0.011551831555995777,0.15245036305695908,0.08200109730647744,0.02643957719816311
TSC_het,OFT-0702-00,fast,6.253376265054792,677,1.9878520242636657,0.44647314099509877,0.2246007929893474,0.24329951612649509,0.25461813926723786,0.006081306500514144,0.7502578138327464,0.01741410692428302,0.23558611870272209,0.12650011281350254,0.04807352630174911
TSC_het,OFT-0702-00,slow,3.6393370898242132,678,1.913027480093199,0.41425492713685036,0.21654415916527694,0.2394599029278393,0.24130555696227368,0.002058255989857297,0.8242188075454758,0.013790993033172612,0.12496396407838861,0.06937747855578061,0.029667494880235897
TSC_het,OFT-0702-00,medium,4.767793625575221,679,2.0255190250484363,0.40866857759425573,0.20175993043782112,0.22332772086377178,0.22615654296922438,0.001744925170494595,0.7852813298318007,0.012611117048153167,0.11085667327905334,0.06173389516360325,0.028265269279871375
TSC_het,OFT-0708-00,fast,5.469184190721452,680,1.8414991972513752,0.4331192722745183,0.23519927291903947,0.2565204558344254,0.25719878310635375,0.003386843043267553,0.8258320716087679,0.013869347244924952,0.19666882945693645,0.1052690883509307,0.03217319629459496
TSC_het,OFT-0708-00,medium,4.4113981147703685,681,1.9184086529182691,0.3965703423795586,0.20671838702160708,0.23132694942297755,0.22973803788481417,0.002317139130035486,0.7763475477810365,0.013946535623831914,0.12918830323050026,0.07156741942716609,0.03237701105589856
TSC_het,OFT-0708-00,slow,3.490064773131137,682,1.926548580451107,0.3935356030767915,0.20426975321050245,0.22650509456316056,0.22881067769549324,0.0023784811968208925,0.7795076742096861,0.01669232596156536,0.11313345640708206,0.06491289118432371,0.03664112248624183
TSC_hom,OFT-0637-00,medium,3.4936600076245057,683,2.2229913246517836,0.40336974550968185,0.18145358510243711,0.20814259641930746,0.20646089813932036,0.0007846328853080921,0.7759937728151953,0.012885531191633414,0.04710848372123381,0.029997007456433612,0.026157038712866933
TSC_hom,OFT-0637-00,fast,4.019736888549857,684,2.2594556897065816,0.41351572727545827,0.18301563919102942,0.20961153874317623,0.2087256012347024,0.0005505102111573267,0.7977090642091792,0.011799853798823187,0.03725317258717255,0.024526513192997867,0.02244551464879619
TSC_hom,OFT-0637-00,slow,3.0044173331156485,685,2.1953441982693866,0.3807003517960275,0.1734126029513448,0.19807853725805208,0.19626810852442006,0.0006692954783672398,0.7443672738057564,0.01264978809352055,0.03960792885007649,0.026128858471798518,0.025615182503653036
TSC_hom,OFT-0639-00,slow,3.0618132752339253,686,2.222345088785823,0.38623236733451005,0.1737949561854626,0.19822832533079188,0.200289336666156,0.00042395687559404716,0.7618966786316115,0.011834513661749662,0.02724338114741922,0.01953894740458444,0.021698040678208377
TSC_hom,OFT-0639-00,fast,4.435968311091856,687,2.1413870963921524,0.39573023993493917,0.18480088938691777,0.2099516529495087,0.21080565671382842,0.0006702289752616068,0.7882663067219248,0.012075146002619611,0.043656551121875914,0.02786584856224776,0.02405198513027244
TSC_hom,OFT-0639-00,medium,3.6594512956015497,688,2.2007882038430258,0.36518870462335495,0.16593541531423192,0.18683282178811797,0.1901884778338493,0.0007542428666667529,0.7040117778183109,0.011299674200879807,0.047302611025631686,0.029301142613255747,0.025741073534980025
TSC_hom,OFT-0648-00,medium,2.965358254697384,689,2.384625713873618,0.2998429830354321,0.12574006113033273,0.14085344550731088,0.14454048014917403,0.00033239085171494234,0.5585649605400418,0.00800146638954414,0.02311288769257971,0.015557177041061927,0.02136575619327486
TSC_hom,OFT-0648-00,slow,2.704326882609578,690,2.0855206566506452,0.388741267813015,0.18640010424894812,0.2189870103127704,0.21510387578882817,0.0005414483955657076,0.8002046526270128,0.012986095586318544,0.033038802168928884,0.023012448877623715,0.023528499658816756
TSC_hom,OFT-0648-00,fast,3.3412111673490594,691,2.221061322125375,0.29438954900773456,0.13254453898914764,0.1507559204990869,0.15098093426575956,0.00038832977314169804,0.5754274326137091,0.008274138348350767,0.027010760230682482,0.017642449289516624,0.022011103264014977
TSC_hom,OFT-0649-00,slow,2.723056010852849,692,2.0517448298941687,0.33574355279635887,0.16363806449249194,0.18462760688488775,0.18519058550953515,0.0007822862196679954,0.680880797512984,0.011149661323570816,0.047792257065678724,0.02947095919462477,0.02654430805939554
TSC_hom,OFT-0649-00,medium,3.00540397684522,693,2.278765034538318,0.39549302321219304,0.17355585908062726,0.1983380199960343,0.2006131368623441,0.0003237808054117845,0.7714342847881874,0.011299043076082035,0.022134909718610568,0.016716976397346303,0.019368383236048732
TSC_hom,OFT-0649-00,fast,3.392908362494574,694,2.1902430839091624,0.4091075777196831,0.18678638034528333,0.21223742400094092,0.21455515010001044,0.000562954764479242,0.8092502549976041,0.012761607902239624,0.0357313024040102,0.024246455153124912,0.023218023456376788
TSC_hom,OFT-0658-00,slow,3.0615712862273194,695,2.161390473341543,0.4284994106972413,0.19825173469686602,0.23021914041807623,0.22732519890560238,0.0007863570894804528,0.8431132909642162,0.013070194297971544,0.0511609344359835,0.03211556436697752,0.024485233405675908
TSC_hom,OFT-0658-00,medium,3.6134159590491843,696,2.05968387777971,0.4018287293809114,0.19509242836530488,0.2207118589086407,0.2246643426939573,0.0006090009707422706,0.8323461451454943,0.012935914299070367,0.037846803553715516,0.02539135892639294,0.023984575717577963
TSC_hom,OFT-0658-00,fast,4.442641429586437,697,2.142967908432483,0.42443058716124643,0.1980573696372825,0.2255245807906036,0.22689987674698064,0.0006704740898248969,0.8472976103502763,0.012704865120915239,0.04474313775009553,0.028724001435505384,0.023341945979578324
TSC_hom,OFT-0660-00,slow,2.9333417909950508,698,2.135278729567539,0.3359677334813793,0.15734139474588563,0.18360714074945625,0.1785775184594273,0.00045154750780277753,0.6779135677388426,0.011076032918377105,0.029237600186266862,0.020156816552321984,0.022401727308013878
TSC_hom,OFT-0660-00,medium,3.384465548230268,699,2.1772168994861683,0.36025245838033704,0.165464662002834,0.189780020324333,0.18687116028267745,0.0008245552420485267,0.6991349208441512,0.01190461605834682,0.04738845405554101,0.029646535056943916,0.027812870558557783
TSC_hom,OFT-0660-00,fast,4.064912222285333,700,2.1571262272793374,0.35126703475422416,0.16284027810336235,0.1837390187360893,0.1854287845247986,0.0007270469150424525,0.6886521122555814,0.01110290913569265,0.0450924224325638,0.02809766578412822,0.02587570514320609
TSC_hom,OFT-0669-00,fast,3.3220788870945417,701,2.33607429400839,0.33901004905806004,0.1451195494627717,0.16211860886192447,0.16955659166835152,0.00040174355982735665,0.6410186252184967,0.009874515144283289,0.026128563726123363,0.018001539435203325,0.022317177998772583
TSC_hom,OFT-0669-00,medium,2.968691907410578,702,2.157416166924306,0.44546541168046444,0.20648098336795945,0.23600927385310355,0.23612713311114353,0.000680179497961294,0.8866781657769541,0.013549119498161438,0.044508682855013686,0.02902890117658756,0.02343111417906075
TSC_hom,OFT-0669-00,slow,2.6928874891256593,703,2.044651420232466,0.41068488407498566,0.2008581413981523,0.22872973733874574,0.22754160131508333,0.0010848712173232317,0.8219242565648242,0.012254253646694302,0.07308255550218387,0.04266840457443909,0.025425633513682724
TSC_hom,OFT-0673-00,slow,2.9994905006630197,704,2.230357129876601,0.34492428306503925,0.15464979955211158,0.1794005130328607,0.17519439561532557,0.0004698736311689543,0.673002956254064,0.010636164900290662,0.02962744517938657,0.020131805039838614,0.023339865960311377
TSC_hom,OFT-0673-00,medium,3.5145117474207175,705,2.1321145030861435,0.3608331729870515,0.16923723958763054,0.19257577390901526,0.19396109143200968,0.000558555110960621,0.7235172588690177,0.010496606429432875,0.03817450464082136,0.024335555535127118,0.022952223554312354
TSC_hom,OFT-0673-00,fast,5.354393637568839,706,2.174504113954559,0.3960302604536244,0.1821244015645492,0.210062526835316,0.2089828922552671,0.0004994598086234906,0.7889631537983555,0.011455874385468736,0.0345320477102867,0.02299396104787772,0.021721347078196836
TSC_hom,OFT-0679-00,slow,2.8435408547674896,707,2.2625377619706324,0.38880977312955767,0.17184675529610205,0.1992686782218801,0.19636034839229366,0.0007560440962747583,0.7370571471559259,0.012740279885427641,0.04531505896350752,0.02902766942446758,0.02604563546660362
TSC_hom,OFT-0679-00,medium,3.3154708082946334,708,2.3109619140578466,0.32910661979825856,0.14241109634748422,0.16185352077411413,0.16206345464216473,0.0005205371934617491,0.6179782685591089,0.009193435065088042,0.03529990629766548,0.022246670681376764,0.023398431204247724
TSC_hom,OFT-0679-00,fast,3.830481633547975,709,2.1103007077320743,0.41814662757206417,0.1981455183329979,0.22696631430017966,0.2297744553976253,0.0008068228860113854,0.8363218124115249,0.012693837814158598,0.0527601548398298,0.0327269963269942,0.02465312972660109
TSC_hom,OFT-0681-00,medium,3.37756523556951,710,2.157304674871798,0.3946253708660564,0.18292519154231557,0.20946428233144426,0.2093252162678103,0.0005228203089153232,0.7897193637897237,0.011537411532970296,0.03577126019952336,0.02365433586624683,0.022102514814687873
TSC_hom,OFT-0681-00,slow,2.912147666710023,711,2.1804549412734366,0.34814380517703547,0.15966567278556618,0.18265757160476095,0.18248439058836716,0.0004867269278574606,0.6891744520137639,0.01011325163625572,0.03312732676012237,0.021620289198189046,0.022512507737326184
TSC_hom,OFT-0681-00,fast,4.030416762239753,712,2.094722197094665,0.4203442664676536,0.20066826381591893,0.2274950853342352,0.23017591278253013,0.0008039923283007004,0.8455447047155641,0.012787921515518568,0.053374438030159864,0.03308117977283922,0.024303617156991652
TSC_hom,OFT-0684-00,slow,2.6916088304098875,713,2.184226589713775,0.3543625182286705,0.1622370682132877,0.18389932961474176,0.1860036605356442,0.0005268108540386079,0.6975045609764714,0.009917904444609662,0.03706172158572275,0.023489813015166203,0.022427205090924836
TSC_hom,OFT-0684-00,fast,3.2219995447790586,714,2.103222692974055,0.36240164969873623,0.17230778790537077,0.20334698793817946,0.19263363485994073,0.0004887705990633376,0.7408217428681154,0.011408065966711805,0.031559503084275325,0.021483784525493564,0.02275067497923105
TSC_hom,OFT-0684-00,medium,2.921649196065825,715,2.118749088948466,0.3775583394791504,0.1781987029273638,0.20669192697138422,0.20129603425344766,0.0005614619786752211,0.764210066714659,0.011949360273762552,0.035753741018251683,0.02385155064600712,0.023539852272422924
TSC_hom,OFT-0712-00,slow,2.8754502176899055,716,2.2461401842656943,0.3995559108986173,0.1778855628413236,0.2043862174423043,0.20451784474342483,0.0003252777699707992,0.7844602492298083,0.008988247577760455,0.02860365081640161,0.01879594919708103,0.017305737877888822
TSC_hom,OFT-0712-00,medium,3.2691394718491473,717,2.218721068777228,0.4260345375400318,0.19201807002032306,0.21993428341913523,0.22127893002246762,0.0003479628453004525,0.8471893908001972,0.011114094150241546,0.026429066045407613,0.018771580097824578,0.018536683832000782
TSC_hom,OFT-0712-00,fast,3.7798937313057803,718,2.23559803868275,0.38418043936447616,0.1718468314593984,0.19678377704881778,0.1980715767756432,0.0003565658330138928,0.7562499734157727,0.0099123664533353,0.027035224088010477,0.018473795270672888,0.019301168373341258
TSC_hom,OFT-0713-00,slow,3.22026991014591,719,2.2817753062552337,0.419111111204191,0.18367764348016405,0.20881951312146357,0.21080965293769738,0.0006286028607885222,0.7998417785141987,0.012901367373065175,0.039055559034617354,0.025978463203841264,0.024197076472775143
TSC_hom,OFT-0713-00,fast,4.7618244353772905,720,2.1163010534951354,0.4369291744109764,0.20645889378043575,0.23285814528597668,0.2352553005795303,0.0009565797489885103,0.8619844034962495,0.012578358399899209,0.0655513737918759,0.03906486609588755,0.024486958348724806
TSC_hom,OFT-0713-00,medium,3.928563790861798,721,2.1415831917491843,0.43319074690045617,0.20227593705880662,0.22943865982418243,0.23087820922078636,0.0008331805653437024,0.8575032336094165,0.013557311386105034,0.052667427595186125,0.03311236949064558,0.025162215152832245
TSC_hom,OFT-0714-00,slow,3.1870883744740266,722,1.9923640640745792,0.3459411736118002,0.17363351399960342,0.19472487353552786,0.19368488330562877,0.002180063648286436,0.6425775165673109,0.011270452897428434,0.12465985269148616,0.06796515279445729,0.03207619726655312
TSC_hom,OFT-0714-00,medium,3.750494770611724,723,2.16376322848151,0.3891216688040673,0.17983560478433022,0.2042223821886317,0.20434082355897834,0.0010913048924855414,0.7456267341629157,0.012382813513806221,0.06488459857798189,0.038633706045894056,0.028247481388121293
TSC_hom,OFT-0714-00,fast,4.384789956900982,724,2.196664724727112,0.41939996859264755,0.1909257994047084,0.2174524885692224,0.21589276118160308,0.001014352385014481,0.8052191604312214,0.013724929493135755,0.057981839903431656,0.035853384698283704,0.02829167716104187
TSC_hom,OFT-0715-00,slow,2.9298049025419433,725,2.1127398522237444,0.3621894535617584,0.17143116469381656,0.19527438810066927,0.1945512115874095,0.0006751464848446898,0.7221821032585534,0.010182016682008382,0.04806453678383081,0.029123276732919597,0.023182366841349816
TSC_hom,OFT-0715-00,medium,3.5295302928188863,726,2.157336616525492,0.3844060827103552,0.1781854902780365,0.2019378660007996,0.2017286463312719,0.0007687535171113796,0.7553674872610469,0.011979145056924139,0.04773687149322278,0.029858008275073462,0.025746979169845117
TSC_hom,OFT-0715-00,fast,4.111188414748608,727,2.107536661015578,0.3594700689746462,0.1705640882191938,0.19446728338451647,0.19514777925581764,0.0008845613841756985,0.7082310425114859,0.01110081715722405,0.05649292220161575,0.0337968696794199,0.026172879102893332
TSC_hom,OFT-0716-00,medium,3.9338039307493835,728,2.0957349022127203,0.41439910727183543,0.19773450679964547,0.22576296212091673,0.22321309709239612,0.0009654034475769187,0.8204375069522991,0.012017562185936463,0.06584985484886424,0.038933708517400356,0.024796082478129665
TSC_hom,OFT-0716-00,fast,4.856253757827046,729,2.8461839513450595,0.4316347987276053,0.15165386570450648,0.1795391639215518,0.17344762530361513,0.0010023291089467274,0.6843765052347586,0.011352652502817195,0.04987444248305281,0.030613547492935003,0.03274135770047705
TSC_hom,OFT-0716-00,slow,3.181147831579432,730,2.0598562817619883,0.36428395503650124,0.17684920946275678,0.20128745107038412,0.2008861460700342,0.0009395399604023715,0.7297608610335853,0.01171446922078872,0.0586993404231231,0.03520690482195591,0.026686241382299837
TSC_hom,OFT-0717-00,slow,2.742756314698023,731,2.1845927983363143,0.3465402163983435,0.15862920387829377,0.1839825357622052,0.18104983519302525,0.00032074754541864143,0.6929894774247776,0.008096176080899836,0.027065920722103773,0.017581048401501806,0.018243937340576492
TSC_hom,OFT-0717-00,fast,3.5915933008752816,732,2.155154569700333,0.4093189902533188,0.1899255839966194,0.21714203252370823,0.21740465669814546,0.0005315683292990843,0.8174822187745882,0.010697775701067266,0.04068747630987274,0.025692626005470003,0.020689528940557204
TSC_hom,OFT-0717-00,medium,3.1619947191143654,733,2.2428199955981456,0.36175468728821053,0.16129457022775157,0.18593212072085125,0.18403470616144685,0.0002863918084919256,0.7137082148851954,0.009169327694701034,0.022244405052847506,0.01570686637377427,0.018233542049489487
TSC_hom,OFT-0718-00,fast,5.36670031406298,734,2.2938476388959805,0.41595697201326864,0.18133592003236407,0.20309543228956772,0.21463098038265666,0.0012676038418447664,0.7482044604685302,0.011556305895566188,0.08162583591396758,0.046591070904766885,0.027207012357277103
TSC_hom,OFT-0718-00,medium,4.150074868636119,735,2.066647882449038,0.415761762386578,0.2011768748403759,0.22614367716371975,0.22964234558961116,0.0009795616424226326,0.8340061611715915,0.012445881378642002,0.06456833894194848,0.03850711016029524,0.02543846158137986
TSC_hom,OFT-0718-00,slow,3.314109968500899,736,2.136365161683245,0.4257845195439016,0.19930324982851969,0.2258523203876347,0.226254794491607,0.0008057853031340457,0.8430415750506338,0.012498962316339847,0.05410731150166212,0.03330313690900098,0.024195477601278534
TSC_hom,OFT-0719-00,slow,2.6288016095973776,737,2.1387758176617298,0.41115599578115947,0.1922389398579726,0.21975083157480063,0.22028082694086107,0.000578562288214431,0.8279090671192275,0.012790021287933384,0.03713663669810868,0.024963328993021033,0.023176487734315358
TSC_hom,OFT-0719-00,medium,2.9247978458955477,738,2.2031452590669254,0.42341223157531893,0.19218534494391087,0.22133677485222286,0.2205323796738045,0.0004469599845893421,0.8400598446478492,0.011662389331761511,0.032185629127147466,0.021924009229454488,0.02038678144638162
TSC_hom,OFT-0719-00,fast,3.3882142454072373,739,2.2813137820273814,0.360377244562585,0.15796916995886523,0.1804756886969526,0.1818464589688501,0.0003276235142554333,0.6991191057322386,0.009409712772874603,0.024224275117952426,0.016816993945413514,0.019481693061130335
TSC_hom,OFT-0720-00,fast,5.099841275331236,740,1.4224471934631442,0.29697090576611224,0.20877464353744868,0.21221609514576506,0.21661557292370726,0.008039896188672645,0.47778734871626183,0.008582600567433728,0.3847868597917583,0.196684730179596,0.0408770735853835
TSC_hom,OFT-0720-00,medium,4.2917483765573605,741,2.0132667997575697,0.36353555791104125,0.18056998603206337,0.2017694808193552,0.2032050346158703,0.0017386571645491837,0.7036555002342336,0.012693612826356863,0.09567495984260278,0.054184286334479824,0.03208784838128984
TSC_hom,OFT-0720-00,slow,3.513384706605523,742,2.172326684473996,0.37906773054217646,0.17449849198623793,0.19937854217892664,0.19995124851856405,0.0008013384326212595,0.7432133968733852,0.014061880902048626,0.04220197101486597,0.028131925958457295,0.02848501854457474
TSC_hom,OFT-0721-00,slow,2.905408592016284,743,2.318185292990149,0.40674425871025166,0.17545804467838977,0.20257816009879542,0.20234568395064406,0.00030241879020640513,0.7839324795558934,0.010345440059220404,0.022894947324169742,0.016620193691695075,0.018195864369349703
TSC_hom,OFT-0721-00,medium,3.3633009356634407,744,2.3092668557982146,0.38789943906348434,0.1679751467828538,0.19294340589747194,0.19352651005069144,0.00033839259645020387,0.7472170130935724,0.010558788136033054,0.02374853944567461,0.017153663790853833,0.01972713238268267
TSC_hom,OFT-0721-00,fast,3.8637906054275524,745,2.258044357951973,0.3816772594467115,0.16903000957558226,0.1951736820437598,0.19347245398143334,0.00032829636682387884,0.7481321772325783,0.010339910528985464,0.023643279109505883,0.016991594819245674,0.019321103776087645
TSC_hom,OFT-0722-00,medium,4.3944199673461535,746,1.7476318941501297,0.3954390898710695,0.22627138540714883,0.24864220093621597,0.24523782961826196,0.002978229881260287,0.7837872299558953,0.012269703845817739,0.1906342301775822,0.10145196701169996,0.029356058526857565
TSC_hom,OFT-0722-00,fast,5.1720615736638855,747,2.107124874780649,0.40255695715437834,0.19104561005018003,0.21635240955062757,0.21636511082519888,0.0009307373842640684,0.7963473747683464,0.012271937218613386,0.06038806438159551,0.03633000080010445,0.02561897505549718
TSC_hom,OFT-0722-00,slow,3.5236232102748133,748,1.973001424630299,0.42234575388218615,0.21406256914453334,0.2427393716478149,0.2409607370694048,0.0016849156005394631,0.8450274206121157,0.014574542282784222,0.09910499045152038,0.0568397663671523,0.02964325345139307
TSC_hom,OFT-0723-00,medium,4.059379615789018,749,1.3431442798934548,0.41063980460496735,0.30573022626991453,0.317657711110619,0.3195542096189524,0.00861778053819468,0.8003155945646203,0.015329744636056842,0.451112574508313,0.23322115957218492,0.03695110921325887
TSC_hom,OFT-0723-00,fast,5.0182883118660815,750,1.9850203753568298,0.31150806430795436,0.15692940393720506,0.17625097759460923,0.17600912092854612,0.00138281861227376,0.614919382657548,0.010917004924465549,0.07778773973990749,0.04435237233218652,0.031178007839509598
TSC_hom,OFT-0723-00,slow,3.4588671066828187,751,2.097297972091256,0.3907135575156035,0.18629377547436216,0.20985659818482463,0.21261801278375628,0.0015146832930872333,0.7534655054426285,0.014651233957761429,0.07775357022459224,0.046202402091176833,0.032783648133664654
TSC_hom,OFT-0724,slow,3.1432628504467512,752,2.3073161186469324,0.43524318533575385,0.18863613087875938,0.21665813708202644,0.21435564366178972,0.0007301371862628174,0.819390323723026,0.013319681900560633,0.044407907933685174,0.028863794917122904,0.025295952537054554
TSC_hom,OFT-0724,medium,3.7308906426853032,753,2.2092891758875406,0.395814334235933,0.1791591334244065,0.2022963882971676,0.20378421019863902,0.0007529115373662984,0.7637147164918024,0.011573641374855484,0.04892286469936515,0.030248253037110318,0.024891075079363514
TSC_hom,OFT-0724,fast,4.435012184358915,754,1.9405334869319923,0.3951149280965622,0.20361149691945993,0.2297145505068588,0.22696872356376654,0.0019273722896337741,0.7760056691228318,0.011235713498262342,0.12102894835566301,0.06613233092696268,0.02914417596685631
TSC_hom,OFT-0725,slow,3.1720894900669774,755,2.2399613634132356,0.3675183096183882,0.16407350395471407,0.19050339754374612,0.18622317238853364,0.0004561971825227015,0.7173811252922926,0.011425702341228262,0.028753393834649584,0.020089548087938922,0.022708185396991917
TSC_hom,OFT-0725,fast,4.144866722222284,756,2.253742973697945,0.4454541417380519,0.19765081774482476,0.22632639963244663,0.22787743760092755,0.0005736845532068305,0.8634464901095955,0.01317201420832105,0.037312744104788936,0.025242379156554993,0.02272703969973666
TSC_hom,OFT-0725,medium,3.605067342243509,757,2.340037141585807,0.4525611527377137,0.193399132302242,0.22063119191786779,0.2260078437292627,0.0005691255849014499,0.855159288237581,0.013743184807088558,0.03370594079713264,0.023724562802110598,0.023988875565319968
TSC_hom,OFT-0726,slow,3.077442651803146,758,2.117674845827605,0.3600147637757403,0.17000474104183996,0.19217788215784148,0.19717948175719463,0.000484009024267933,0.7322207934672444,0.011420472339216604,0.03089870070358126,0.021159586521398932,0.022874219388854748
TSC_hom,OFT-0726,fast,4.165474515466209,759,2.1228371769010987,0.43494094063383554,0.20488662313176506,0.23208647688258027,0.23218413475777344,0.0018803064530035487,0.8374078856727372,0.013976455480132908,0.08130900367222219,0.047642729576177545,0.03946680783679835
TSC_hom,OFT-0726,medium,3.541105342917435,760,2.1109248869753503,0.3665891728123882,0.17366282195746782,0.19766530192267795,0.19668308545001062,0.000642008040766807,0.7384131264392618,0.011795671448010643,0.0402636573292924,0.02602966438865152,0.024664476313675073
TSC_hom,OFT-0727,slow,3.123835758234671,761,2.134523157488709,0.3988268721470269,0.186845886748894,0.21191219463908087,0.213057108470637,0.0008862889003658809,0.783380031552136,0.012268392226383044,0.05683932701575766,0.034553859621070354,0.02564949068165563
TSC_hom,OFT-0727,fast,4.402085359725621,762,1.9122833951416598,0.3383012822355476,0.1769095956671666,0.19793000634296246,0.19721878328061687,0.0015059074157553047,0.683260174798904,0.010860035482380358,0.09270810825581711,0.05178407186909874,0.02908051378350433
TSC_hom,OFT-0727,medium,3.672656316460147,763,2.1724720849015555,0.408459175717164,0.18801584543060912,0.21588710161692534,0.21532557399788804,0.0006885896277949894,0.8054457231554241,0.012751872020089625,0.04339886206240493,0.02807536704124728,0.024526469298988655
TSC_hom,OFT-0728,medium,3.4728357859793166,764,2.2801556606726288,0.3992454058338827,0.1750956799660372,0.20106976754064323,0.19917672166129047,0.0005972173227012011,0.7630463789488151,0.012368478102211653,0.036445508424343506,0.02440699326327758,0.024469106712942227
TSC_hom,OFT-0728,slow,3.006630745937399,765,2.0778890169327147,0.23193009963987438,0.11161813636333622,0.12869878407855642,0.1291534291687335,0.0005886036142069951,0.46836409619737784,0.009732600881879416,0.0279432263981497,0.018837913640014557,0.03124569023167792
TSC_hom,OFT-0728,fast,4.034637025952938,766,2.2809536632762497,0.3978407794273328,0.17441861526283434,0.19830045443289268,0.2006369645422651,0.0007073536382917432,0.7524939949905638,0.011978657831346693,0.0442055366733843,0.0280920972523655,0.025179808824425894
TSC_hom,OFT-0729,medium,3.5152287443609667,767,2.0512752490116175,0.3596416202495193,0.17532587127096097,0.202840337103735,0.19849583769022233,0.0006311032135332657,0.7413257924442833,0.011891485847422166,0.03961297806788451,0.02575223195765334,0.024506738467214965
TSC_hom,OFT-0729,fast,4.172006754958113,768,2.2083690507390563,0.41338356968624407,0.18718953226948207,0.21373258263453274,0.21439179943758635,0.0007851647329360283,0.8035397310824481,0.013694710570763843,0.04383554140016159,0.028765125985462717,0.027295716811142554
TSC_hom,OFT-0729,slow,3.062630542739428,769,2.0828423021808122,0.3819344967547715,0.18337177824498382,0.20811605507151462,0.20813851521858331,0.0009042795519822904,0.7683373764698247,0.014041543081766278,0.04948527313125578,0.03176340810651103,0.028469223105719768
TSC_hom,OFT-0730,medium,3.691907556097347,770,2.1863963700595805,0.41306715598881383,0.18892601618139235,0.2162607024382301,0.21626234747703243,0.0006850008271954714,0.8121072618975893,0.01335938699944096,0.04162298490505431,0.027491185952247636,0.024917107191567586
TSC_hom,OFT-0730,slow,3.1879160708439507,771,2.247404138511355,0.4122911637001418,0.18345216894244795,0.21133795165206365,0.20957373179399583,0.0006733544139813299,0.7922239912991563,0.012327996265569956,0.04300283116993125,0.027665413717750602,0.024339213606239845
TSC_hom,OFT-0730,fast,4.463213953568151,772,2.1279890667163808,0.4082421818071938,0.1918441162092702,0.21929052289169318,0.21972838925318686,0.00067715543355447,0.8188641620524219,0.012608785306861535,0.04342539484320461,0.02801709007503307,0.024169370614184695
TSC_hom,OFT-0731,slow,3.24201910523091,773,2.2967003488827724,0.3610481804838707,0.15720299805740973,0.18131324825278086,0.18280217140818217,0.0007087889145792938,0.6805082764796277,0.013000707876894353,0.03651681017176807,0.02475875902433121,0.028627804563336343
TSC_hom,OFT-0731,medium,3.8607699549590526,774,2.274144152310117,0.39173532831960445,0.1722561553196496,0.19694887913871492,0.1972120830283332,0.0007936137244496703,0.7405745259634574,0.013175111822669817,0.044220956267998934,0.028698034045334376,0.027653940447488357
TSC_hom,OFT-0731,fast,4.7466766389380926,775,2.216723523610368,0.4218027636064375,0.19028208033785338,0.216335800043373,0.21496647441225558,0.0008985528223661098,0.8075703447459015,0.012966112700985799,0.05545365271645213,0.03420988270871897,0.026265884335730225
TSC_hom,OFT-0732,fast,4.334518411177423,776,1.5241335745960782,0.350247891851671,0.22980130986517552,0.2451346143666434,0.24488011530465037,0.00480013566172371,0.6937992306853455,0.012480225710996641,0.2683489383958837,0.14041458205344018,0.03418544991215253
TSC_hom,OFT-0732,medium,3.6362237005857123,777,2.156368588615619,0.3726897340895058,0.17283211045509214,0.1960476556770005,0.19801002804432655,0.0006141577145188572,0.7399287795766138,0.011608773072001683,0.039105543274441115,0.0253571581732214,0.024220289605143636
TSC_hom,OFT-0732,slow,2.991280949543021,778,2.0795231427960257,0.380753469091548,0.18309652884151384,0.20246477576087385,0.20512943073567397,0.002759606588883459,0.709558066240698,0.016388702239010133,0.10250821042248076,0.05944845633074545,0.04642015552986277
TSC_hom,OFT-0733,slow,3.2279086169575777,779,2.2199576838693664,0.3720506234083605,0.16759356545926568,0.1924190042811269,0.1912661811011917,0.0008486923400657094,0.715574531766177,0.014044154193590274,0.042135412511777263,0.028089783352683768,0.030213559478543404
TSC_hom,OFT-0733,fast,4.5973010179686264,780,2.2189877264345417,0.3179052267498075,0.1432658788341367,0.1625610543507435,0.16513605292970043,0.0006407376416839523,0.6152842599168139,0.009955066802299642,0.03450312493358453,0.022229095867942087,0.028824278121360687
TSC_hom,OFT-0733,medium,3.8108945525207027,781,2.2089704476245777,0.38219446526726375,0.17301927496506692,0.19954319545479338,0.19779270466387922,0.0006615492963625896,0.7450853947265612,0.012661659603130126,0.03825609138531204,0.025458875494221083,0.025985016365422536
TSC_hom,OFT-0734,fast,4.249700467992802,782,1.9298176518555854,0.38490164060257903,0.19944974605889992,0.22325117939197242,0.22203767818931816,0.001874837789805967,0.7683467380565508,0.013533195459228119,0.10677016020185455,0.06015167783054133,0.03116850364652737
TSC_hom,OFT-0734,slow,3.1094341980711886,783,2.191700448546596,0.374053486505467,0.17066816167944704,0.18412363249446353,0.19502801425148403,0.0015707096479471584,0.6869884479761932,0.013090742698893147,0.08271540880776473,0.047903075753328944,0.032789327683995416
TSC_hom,OFT-0734,medium,3.6050678196843218,784,2.067394374598879,0.4161157177775775,0.2012754426006955,0.22900535983662482,0.22797939355670022,0.0010412605192818612,0.8390848332069347,0.015226529255896293,0.05716928500911035,0.03619790713250332,0.02876576580713083
TSC_hom,OFT-0735,slow,3.1935251139635827,785,2.176163263061693,0.3530442307635257,0.1622324192105053,0.18398816172958188,0.18574929503037696,0.0005962082123985232,0.6925802772160335,0.009955514514515347,0.041203582675583834,0.02557954859504959,0.02330800366484604
TSC_hom,OFT-0735,medium,3.9215367742998195,786,2.276423998981944,0.32801782049627615,0.14409346441742457,0.16543283177009754,0.16850087634114919,0.0006239477012864763,0.6216196941929242,0.010591481646017734,0.035500912168895636,0.023046196907456684,0.027073781578451916
TSC_hom,OFT-0735,fast,4.717780927528801,787,2.054894629125253,0.3452936620681848,0.16803472897059094,0.18971441615782664,0.19082143564334367,0.0011270375096012488,0.6784739276099471,0.01088971074524732,0.07027770656636492,0.04058370865580612,0.02777068796643869
TSC_neg,OFT-0360-00,fast,5.330132458851055,788,1.113366356888761,0.4469131523040877,0.4014070925880687,0.4032253867283053,0.4056116545116155,0.010072894323909792,0.8557619288573373,0.01148949485347303,0.7510570821755643,0.3812732885145187,0.026419092622918486
TSC_neg,OFT-0360-00,slow,3.283754517642988,789,2.070933795508647,0.41582191113338046,0.20078957233456582,0.22671496371501154,0.22669682987500453,0.0012353716607888371,0.8162160974111362,0.012482025240717223,0.08074096442502807,0.04661149483287264,0.026503583830947947
TSC_neg,OFT-0360-00,medium,4.057888854785948,790,2.0981790300731444,0.37191258317065234,0.17725493289182628,0.20017815012449627,0.20207227127916344,0.0008071528893880243,0.7397466967643783,0.010946725355717972,0.05484798169723383,0.0328973535264759,0.02453549610726057
TSC_neg,OFT-0362-00,slow,3.6544820302139067,791,2.089136337142427,0.44054426384468104,0.21087386974814123,0.23738428265090922,0.23182409583108454,0.0022173747207534246,0.83473156352182,0.01632841400293653,0.10505332379532474,0.06069086889913063,0.03653555734123272
TSC_neg,OFT-0362-00,fast,5.678894838711607,792,2.1397742171764476,0.40459116496342945,0.18908124124297107,0.21067313950292327,0.21312259939046765,0.0012567114984052656,0.7730243731833817,0.012577308218411408,0.07722153393191533,0.04489942107516337,0.027989481118286176
TSC_neg,OFT-0362-00,medium,4.5286641576997715,793,1.7530236802884787,0.39663947474521916,0.2262601921497991,0.24169182767788613,0.24446627237156288,0.0038630193068965326,0.756027783292866,0.01352400786488978,0.21681559943225417,0.11516980364857198,0.03354194575762335
TSC_neg,OFT-0363-00,medium,4.113499202299905,794,2.0928917934672393,0.37471016695785586,0.17903943630888022,0.20237429629979936,0.2035139039737808,0.0011885037435422905,0.7353882529759824,0.013416076721005596,0.0640002771194782,0.0387081769202419,0.030704203558622755
TSC_neg,OFT-0363-00,fast,4.820957903590342,795,1.7491676176692843,0.44204282647042376,0.25271610450885956,0.2697497682226797,0.27215132488202765,0.004366403892038372,0.8278845093769904,0.01346734584276496,0.2598095199044265,0.13663843287359573,0.0319558984994927
TSC_neg,OFT-0363-00,slow,3.3470710716007717,796,2.1571966400771467,0.3863201910279286,0.1790843652594011,0.20125932287329765,0.20186182915262094,0.0015530093639883325,0.7215033571357425,0.013586563171881182,0.08331244425025591,0.04844950371106855,0.032054185183191856
TSC_neg,OFT-0368-00,fast,5.7589718520324915,797,1.7014293321467593,0.3410057336646358,0.2004230955830388,0.21677036312701634,0.21613768765623512,0.0033972661145027566,0.6675928897933081,0.011760411190479136,0.18923313427466362,0.10049677273257138,0.033804728471660564
TSC_neg,OFT-0368-00,medium,4.267471045433864,798,1.5460944239022727,0.4268666730391092,0.27609353377118906,0.2919714229578138,0.2855335771484354,0.007502780778494118,0.7985323881050441,0.01655035770186575,0.35717517813331223,0.186862767917589,0.04015128782531481
TSC_neg,OFT-0368-00,slow,3.2241148148103886,799,1.3478757434201503,0.3760006963829641,0.27895798126679383,0.29068901834255023,0.2861884144795525,0.010765284701047338,0.7236370169351679,0.018790981549808978,0.4111599994392362,0.21497549049452258,0.05007680027282752
TSC_neg,OFT-0369-00,slow,3.2502842659538906,800,1.1359227894010762,0.3176284345408724,0.2796215002503334,0.2838313978913991,0.28584264364991474,0.010404342520212911,0.6294577048668158,0.013428457017478745,0.4841989637420954,0.24881371037978708,0.04181579264394962
TSC_neg,OFT-0369-00,medium,3.8451550033609245,801,1.854491431893,0.4023990322845223,0.2169861911272178,0.23780255564805675,0.23938848021649828,0.002918718975475766,0.8015210833345813,0.015863054064824276,0.1403483287126419,0.07810569138873309,0.03736883860292923
TSC_neg,OFT-0369-00,fast,4.56797458129323,802,1.7604179928658394,0.3526143530422811,0.20030149343579998,0.21890983876229003,0.21981731943804017,0.0029984543909705366,0.6869381326365132,0.01168800864829996,0.17573780787065674,0.09371290825947835,0.031996172636839126
TSC_neg,OFT-0372-00,fast,5.1915824651758085,803,1.7951137700731084,0.4037100663980603,0.22489386083959384,0.2444208651226843,0.24704275173328594,0.002629731245473962,0.7857372116597208,0.010400603688089895,0.19021599954432386,0.10030830161620688,0.026216486602830436
TSC_neg,OFT-0372-00,slow,3.162989312081687,804,1.9204667247845226,0.370089062160408,0.19270787532230332,0.21454524097711908,0.21510135186296506,0.0015890513258887964,0.7383912384912056,0.010890080734295279,0.10865172415687609,0.05977090244558568,0.02658570074854465
TSC_neg,OFT-0372-00,medium,3.9323418456096775,805,1.7515148016828586,0.4309547605743007,0.24604688476525496,0.2683059623551287,0.26786517603408155,0.0032398797716803405,0.8431266503385411,0.012170247310424272,0.21810469954489697,0.11513747342766062,0.028139229351041083
TSC_neg,OFT-0377-00,fast,5.358165644267301,806,1.7867831819327902,0.38444521200147924,0.215160527527251,0.23290062231431954,0.235300502148726,0.002313319214376916,0.7497489217873738,0.009459170330065091,0.18376304101430221,0.09661110567218366,0.02394465106554482
TSC_neg,OFT-0377-00,medium,4.171529863143042,807,2.065404563717208,0.4237057207287605,0.20514417764536982,0.2292824925085522,0.23230932195571657,0.001280504425215869,0.8222596944927755,0.011235575117672663,0.09508170808751065,0.05315864160259166,0.0240883586677926
TSC_neg,OFT-0377-00,slow,3.392792345039804,808,1.9963674037772148,0.36101842521806643,0.18083766772338786,0.20185108611654579,0.20434351467035053,0.001123921846481444,0.7251751953476355,0.01057276543315657,0.0765691670136172,0.04357096622338688,0.025795201343920958
TSC_neg,OFT-0379-00,fast,5.927765452999292,809,1.4507430778359571,0.3877235707611948,0.26725860470039525,0.2808747640473851,0.2798393329804427,0.006639820515376558,0.7478632767483165,0.013491846664971625,0.3612719579033158,0.1873819022841437,0.03543469478342691
TSC_neg,OFT-0379-00,slow,3.6738738574918406,810,1.449087500101003,0.35269402923413223,0.24339042963903082,0.2565974122405313,0.25271322187022177,0.007988066166846684,0.7134501308047915,0.01887714540941732,0.2878981759726185,0.15338766069101792,0.05207763213064276
TSC_neg,OFT-0379-00,medium,4.498323963927466,811,2.078434215332028,0.3091589319338539,0.14874607512389612,0.1632420970765307,0.16667712602689183,0.0016900993350323812,0.5747029121800038,0.01096508031138221,0.08783263707414517,0.04939885869276369,0.03421332759009591
TSC_neg,OFT-0380-00,medium,4.2688164214039,812,1.531900779579292,0.37142472027970536,0.24246003738029967,0.25747209446618147,0.2590472369981792,0.005598332610620938,0.7191537444411122,0.0134133116619309,0.2961571022572378,0.15478520695958434,0.036168395679328114
TSC_neg,OFT-0380-00,fast,4.933699464867895,813,1.6846230549731742,0.4366584208625404,0.2592024486269979,0.27385361661216606,0.27647961134819055,0.005109232712328859,0.8160213130606249,0.013912908490511086,0.2904943263622979,0.15220361742640448,0.03356840526342512
TSC_neg,OFT-0380-00,slow,3.5402856754100243,814,1.40286309017009,0.337975129838188,0.24091811396735102,0.24506278692771838,0.2508270667020951,0.006660357192819941,0.6583165153938788,0.013198431959670534,0.33402565925845346,0.173612045609062,0.03836345093138106
TSC_neg,OFT-0381-00,fast,5.670017525654937,815,1.6695093927559201,0.3528800992247873,0.21136754351664666,0.22876734333037363,0.22937745954635197,0.0032030854471127843,0.707701716592229,0.011701932735429002,0.19361971714588594,0.10266082494065747,0.03120065954042655
TSC_neg,OFT-0381-00,medium,4.580001997240278,816,1.36635735884616,0.4146693536556182,0.3034852858741081,0.3154657379363007,0.3167304246494818,0.007814522230774055,0.8192382997927494,0.014718258614974203,0.42776209674868987,0.22124017768183205,0.03532144257275099
TSC_neg,OFT-0381-00,slow,3.7432888097735058,817,1.8292364462793091,0.38199588398249507,0.20882805214136188,0.23213472281694625,0.22860724914297975,0.003139032963688502,0.7512853259195985,0.014633277869395235,0.15283848773333183,0.08373588280136353,0.03748730960578572
TSC_neg,OFT-0382-00,fast,5.581079814248806,818,1.4346105245006915,0.38196215318223226,0.2662479792661302,0.2791054621595671,0.27949221093570786,0.005346239147765624,0.7442381553164633,0.011030104777950689,0.36223450478039243,0.18663230477917156,0.028645840033382435
TSC_neg,OFT-0382-00,medium,4.475485975868138,819,1.6199832802684144,0.46829732096605803,0.2890754038451965,0.309351273388907,0.3081490456630348,0.004977893964121485,0.8951208724887596,0.013241242367181409,0.33257256512115446,0.17290690374416792,0.028789445975429345
TSC_neg,OFT-0382-00,slow,3.444723974512308,820,1.9427127316187098,0.3204038012381162,0.16492598006044304,0.18669428517928355,0.18234969829179976,0.0015327445559907677,0.6430456741178155,0.010988799265457537,0.08187561289134497,0.046432206078401254,0.0330103754579895
TSC_neg,OFT-0386-00,fast,6.028373479034551,821,1.6371042303441354,0.42446508919028064,0.25927798690072035,0.2768262374237579,0.27989362528803385,0.0035155900278308885,0.8383381152626267,0.011025704270827405,0.26682608918637657,0.13892589672860198,0.025305505385354844
TSC_neg,OFT-0386-00,medium,4.484880826746484,822,1.143752176455172,0.39067129980451804,0.3415698853709066,0.3452453969691621,0.34683443410220155,0.00889845893572679,0.7588779197766724,0.011062033502628906,0.6119918364854039,0.3115269349940164,0.028564011442213513
TSC_neg,OFT-0386-00,slow,3.462023191235456,823,1.1009638942567588,0.3596996055572139,0.3267133531204861,0.33072959938792923,0.33256098953024193,0.008938993013547336,0.7165253991212279,0.011503070007271217,0.5863790765582615,0.29894107328276637,0.029902190807657943
TSC_neg,OFT-0394-00,medium,4.159970936737083,824,2.2034628276537775,0.38789194617183836,0.17603743585039797,0.200010177698053,0.2016168223815793,0.0006336163221457002,0.759318555483078,0.012851161443528613,0.03727366531355972,0.025062413378544167,0.02528153664116548
TSC_neg,OFT-0394-00,fast,5.170301312353498,825,1.779621083023384,0.4208344460147484,0.23647418544839677,0.26007883231037854,0.25839982621699553,0.0032075241839160163,0.8305988020320099,0.012918186502445,0.19135235935839193,0.10213527293041846,0.03140466649657069
TSC_neg,OFT-0394-00,slow,3.3789655757714154,826,2.0397623208410387,0.393807937763257,0.19306560070238055,0.21814073640595724,0.21747250812050434,0.0014216782986317985,0.7760903943712124,0.01381116001942872,0.0813103386506873,0.047560749335058015,0.029891839773513618
TSC_neg,OFT-0395-00,medium,3.8989937028413486,827,2.0997782824045497,0.3788626977670757,0.1804298582101836,0.2038972713023779,0.20275470376758328,0.001376162912921821,0.7331193031252256,0.013830243779761577,0.07261014280127158,0.04322019329051658,0.03184073943565126
TSC_neg,OFT-0395-00,fast,4.437217956127096,828,2.1042512495287213,0.34742921174312785,0.16510823592046808,0.18663586593271989,0.18717098298284454,0.0014630417763768656,0.6611597755829964,0.012109613199913664,0.07686100103391538,0.04448530711691452,0.032888202222179946
TSC_neg,OFT-0395-00,slow,3.378954680584298,829,1.8685245208707948,0.36480018950486404,0.19523436028276203,0.21303397754192493,0.21575820470727705,0.00308207900641516,0.7137646913291299,0.016671632376845026,0.13220195302970894,0.07443679270327698,0.04140531710845026
TSC_neg,OFT-0398-00,medium,3.620742007871964,830,1.9947380346164276,0.4267676790058318,0.21394672964557768,0.24101778534913565,0.24041845393923694,0.0014434457466071175,0.8534267452775071,0.013071917259965002,0.09425528497835864,0.05366360111916182,0.026898041065151368
TSC_neg,OFT-0398-00,slow,3.154127111196188,831,2.0349816537608425,0.3387724548872656,0.16647445163015667,0.18687095155386774,0.18396604716173992,0.0016032386279848099,0.6468115448787863,0.011291446489727741,0.09234057815268228,0.05181601232120501,0.03094098824213661
TSC_neg,OFT-0398-00,fast,4.349692159889015,832,1.9201727201467418,0.31329886382266997,0.1631618137970043,0.18322933149862936,0.1820565217234551,0.0019021733970725303,0.631079943286908,0.009097045025524306,0.08563661849134523,0.047366831758434765,0.04015834132148398
TSC_neg,OFT-0399-00,medium,3.6269047265541317,833,1.879074508003018,0.3472614327370555,0.18480450416311953,0.2019128775904104,0.20361971529069448,0.0024412623946802867,0.673920128641278,0.01234475560559089,0.13174033429789697,0.07204254495174393,0.033886398603984784
TSC_neg,OFT-0399-00,slow,3.036732582737281,834,2.0902476209267666,0.3652592086635679,0.17474446807484972,0.19832095588537715,0.19848898699065687,0.0012308555291452882,0.7149359527723973,0.013707996123663056,0.06436043816855204,0.039034217146107546,0.03153273253920062
TSC_neg,OFT-0399-00,fast,4.432517196788314,835,1.8007846825658957,0.3993668835476903,0.22177381194660198,0.24183144050144292,0.24341448575941374,0.0034158903233056227,0.7851509497647271,0.01584245573371073,0.1714824877652088,0.09366247174945977,0.03647021330424504
TSC_neg,OFT-0410-00,fast,4.834772504393114,836,2.0722719955534377,0.4368477847005468,0.21080619997660044,0.23766030437100036,0.23803178014347692,0.0011621652130758974,0.8626325772236464,0.012523067082100048,0.07992778274955271,0.04622542491582638,0.025141255384717995
TSC_neg,OFT-0410-00,medium,3.960721048054446,837,2.022306949608111,0.29384701924566403,0.14530287763813826,0.16278959166381557,0.16316466297834215,0.0009233047255591743,0.5834944875732185,0.008630545251013397,0.062435243806524904,0.03553289452876915,0.025984506407481726
TSC_neg,OFT-0410-00,slow,3.2453316569494137,838,2.1752054905902645,0.3679330349464803,0.16914863287083642,0.19187680739302823,0.19321968779216972,0.0007993365820149194,0.7175395447870048,0.012777287875021942,0.044870563277126144,0.028823925576074043,0.027731704340730988
TSC_neg,OFT-0411-00,fast,5.299422410096592,839,1.6835734807600853,0.3517355899979478,0.20892203044155175,0.22568236891635757,0.2264140100590153,0.003419849107959278,0.6942953922489463,0.012047971066117892,0.19733168912138174,0.10468983009374981,0.03266648828159145
TSC_neg,OFT-0411-00,slow,3.429345495887322,840,1.8677352505954365,0.4275699197160509,0.22892426513861697,0.25252730787533706,0.2538982693487236,0.0030065294639808606,0.8533305670324429,0.01867762530241082,0.14000516604435045,0.07934139567338064,0.037893579240244744
TSC_neg,OFT-0411-00,medium,4.294658868221697,841,2.035870297193911,0.4281881263587513,0.21032190849728163,0.23864807568180246,0.23688540323194832,0.001326144123093558,0.857965424985908,0.014950855782120874,0.07597831802873878,0.04546458690542983,0.029168726988591128
TSC_neg,OFT-0414-00,fast,4.665813891391129,842,2.0565084807197684,0.3334390846727681,0.16213844377440448,0.18049739227699402,0.1824035026059581,0.001163213681399386,0.6477848813387689,0.009985491059418629,0.07527050946721307,0.042628000263315854,0.027287549831428677
TSC_neg,OFT-0414-00,medium,3.8790955863170877,843,2.0355419294768695,0.4101980249929628,0.20151784596173017,0.2266263904148988,0.2268906341850277,0.0012933357575202406,0.8175665397088975,0.013642534102056365,0.07790906379406294,0.04577579894805965,0.028253701458881095
TSC_neg,OFT-0414-00,slow,3.198951279590455,844,2.0057416394231757,0.3799137468601318,0.18941310256159904,0.21397117090130952,0.21320931591717307,0.0012826982455667322,0.7646672452004545,0.013314644167589115,0.07363814478205205,0.04347639447482058,0.029503326139650538
TSC_neg,OFT-0415-00,medium,3.6094608552581193,845,1.8303541823599185,0.38460409430736636,0.21012550358504237,0.23100448384552616,0.2319610567925252,0.0028352894340399107,0.7610372532106494,0.014426263376775902,0.14944250367986606,0.08193438352832098,0.034604390878951084
TSC_neg,OFT-0415-00,fast,4.559592510788851,846,2.086088028069243,0.43490581483766727,0.2084791288698348,0.235902385689936,0.2365982146046095,0.0012174634899304582,0.8637577766887394,0.015868439229651067,0.06628617905493464,0.04107730914229285,0.029638345727884305
TSC_neg,OFT-0415-00,slow,3.047248406784014,847,1.7628648920627612,0.2868525076740136,0.1627195078678787,0.17978342084126533,0.18021095806394116,0.002249552203682942,0.6057738037639746,0.015715818997394722,0.08920535640952992,0.05246058770346232,0.042880804469799624
TSC_neg,OFT-0456-00,medium,4.422640318411162,848,2.0748777289838305,0.3816352621673288,0.18393144657937716,0.2072063272959929,0.20763086630163952,0.0013697966661634542,0.7403924609289133,0.012519012237836429,0.08029642427857143,0.04640771825820393,0.029516570035660012
TSC_neg,OFT-0456-00,fast,5.365557956161016,849,2.132615323490827,0.39029343397431526,0.1830116428758719,0.20836246328858105,0.20955292910810186,0.0006418224636540192,0.782272829204983,0.01233772065647694,0.04043509472759549,0.026386407692036214,0.024323980404794932
TSC_neg,OFT-0456-00,slow,3.6087551523832113,850,2.0259848085145626,0.3989407549343966,0.19691201693999724,0.22320098949951328,0.2218857870474398,0.001194730108206959,0.8000732649107085,0.012817818842449744,0.07457662289582324,0.043697220869136494,0.027341100519525287
TSC_neg,OFT-0457-00,medium,3.5727197930977215,851,2.1859942002159225,0.42427535902527413,0.19408805338246835,0.2171859310632532,0.22099153389871573,0.0009969308189194657,0.8112133795266002,0.01192543412991845,0.06731012187583799,0.03961777800287822,0.025163723691092394
TSC_neg,OFT-0457-00,slow,3.0739464403088195,852,2.073662412689886,0.3828926659008902,0.1846456123030241,0.20668791232314992,0.208389173730118,0.0011256327966678236,0.7492423052844482,0.011051133247698842,0.07628690468221438,0.04366901896495661,0.025776461742159085
TSC_neg,OFT-0457-00,fast,4.269738824998723,853,2.114268868347271,0.4056396394827161,0.19185811490465995,0.2188555331991461,0.21813781706212465,0.0008712140137065872,0.8045603258354715,0.012324398936507929,0.05656728312198163,0.03444584102924478,0.025292284574120864
TSC_neg,OFT-0458-00,fast,5.586636092832705,854,1.824109017880915,0.43598174184609195,0.23901079243200943,0.258180116486905,0.2615171371681404,0.002777611428138728,0.8315088850444442,0.011262419029347286,0.20897972893314873,0.11012107398124801,0.025223250443522863
TSC_neg,OFT-0458-00,slow,3.7668180696113525,855,2.0533106139613895,0.3493714972315644,0.17015033909435293,0.1905761590599051,0.19326604738015912,0.0010987548408110974,0.6964946733824483,0.011540587969258905,0.06107791925349917,0.03630925361137904,0.030261014246427697
TSC_neg,OFT-0458-00,medium,4.604162642086661,856,2.1182267811662805,0.37545271753528847,0.17724859343368649,0.19769613275051467,0.1997340508090571,0.0016844757651463273,0.70362372649238,0.010403829383117898,0.0923844041449025,0.0513941167640102,0.032775653541845015
TSC_neg,OFT-0460-00,slow,4.500036068702506,857,2.1653553529412135,0.41755816345270663,0.19283586081403922,0.21632073598988372,0.21350006911559916,0.0024725257666880374,0.7693778178485616,0.013957523300208078,0.09789672766003257,0.05592712548012033,0.04420977737478951
TSC_neg,OFT-0460-00,medium,5.625910777275516,858,1.8173544539950932,0.33228968122136326,0.18284252721910704,0.1971005575355466,0.20129540471165994,0.0024610811678010894,0.648187492609869,0.010845961267962848,0.14459915083192335,0.0777225560499431,0.031664954073559334
TSC_neg,OFT-0460-00,fast,6.899857866855471,859,1.9467533489401432,0.3349921342423551,0.17207733811000372,0.20007649447714768,0.19358274989356752,0.011163055513617728,0.6355792525055259,0.014166457411349568,0.108857985075697,0.061512221243523284,0.18147703477368904
TSC_neg,OFT-0469-00,slow,3.855635352176961,860,1.6199909556736212,0.37084246461170306,0.22891637963342834,0.24058138750010133,0.24327525131666022,0.004433220158066143,0.7083224592946287,0.011788420481597785,0.2620844610885582,0.136936440785078,0.03237429082171115
TSC_neg,OFT-0469-00,fast,6.130687959793423,861,1.1547655654757667,0.3854941044787864,0.3338288878747105,0.3374068173966096,0.33776995997883275,0.009286104857300225,0.7386798654039544,0.0110272607963614,0.6021549287432639,0.30659109476981267,0.030288240642710757
TSC_neg,OFT-0469-00,medium,5.096794196602124,862,1.7482574498267756,0.42525282519720226,0.24324382272149792,0.2623302919514412,0.2638013302964705,0.003505078944006956,0.8278432510006961,0.012619214822695842,0.22001224735644484,0.11631573108957034,0.030134177992724193
TSC_neg,OFT-0471-00,medium,4.585123917852162,863,1.1018697316521127,0.42389880072175623,0.3847086352813905,0.38808138873858244,0.3890584037577466,0.010079052192565193,0.8329947245192898,0.011837471994164085,0.7035183751397259,0.357677923566945,0.02817912856363007
TSC_neg,OFT-0471-00,fast,5.82883919077224,864,1.2503424019883158,0.43721821238928527,0.34967878534232977,0.3599074763223836,0.3606481928981876,0.007372470380184792,0.8717227828253602,0.011515991729738427,0.5518736099575136,0.28169480084362597,0.02617183688909256
TSC_neg,OFT-0471-00,slow,3.616707439299116,865,1.8144615868512572,0.4213311703588431,0.23220726931453206,0.254930600813706,0.2549901533736339,0.00281800458640485,0.8315903359261924,0.013247710050500646,0.17573497721718612,0.09449134363384339,0.02982288618230149
TSC_neg,OFT-0472-00,medium,3.580906448865592,866,2.2280603894530078,0.40275553833238115,0.18076509067658542,0.201969629666117,0.20783076235100634,0.0009895782555443614,0.759079008375309,0.011823537709324046,0.06216346219406229,0.03699349995169317,0.026750057627328367
TSC_neg,OFT-0472-00,fast,4.212356490762621,867,2.1794531023501755,0.47325549870706485,0.21714415336431783,0.24588970119525616,0.24878306898856825,0.0008632488994757276,0.9240914923412228,0.013816397881486774,0.0578611470064597,0.03583877244397324,0.024087010815597682
TSC_neg,OFT-0472-00,slow,3.070243145957642,868,2.0699054226267686,0.4071403596220063,0.1966951509819872,0.22309701268447407,0.22323470951423063,0.0009385505537468779,0.8162440734512538,0.012250647102936617,0.062569937140021,0.03741029212147881,0.025088030606636638
TSC_neg,OFT-0473-00,slow,3.7610556646365993,869,2.240106381432606,0.41446389879656204,0.18501973934447777,0.20632938653206945,0.2104526403589297,0.0008774164324957068,0.7863936628746708,0.012375231736947769,0.05515472605983907,0.03376497889839342,0.025985990843828286
TSC_neg,OFT-0473-00,medium,4.570615777837778,870,2.0278238824728687,0.42192240075235854,0.20806659020005092,0.23484213555658823,0.23455499547569109,0.00123799733624137,0.8422101988973552,0.012535017438116214,0.08321105240464481,0.047873034921380515,0.02586001364389099
TSC_neg,OFT-0473-00,fast,5.4585240705834845,871,1.805386053633219,0.41157241197292566,0.22796919869003288,0.24941785160432228,0.24877336911573344,0.002864772114794536,0.8060503006733601,0.012082405633208036,0.182680922980215,0.09738166430671151,0.02941798268893518
TSC_neg,OFT-0474-00,medium,4.249405293406609,872,1.657731207544292,0.36267659749923203,0.2187788924095174,0.2372661039424781,0.23676279495207156,0.0028451078651062366,0.7259029100663276,0.009464701597526649,0.20885170265396644,0.10915820212574655,0.026064077730308978
TSC_neg,OFT-0474-00,fast,5.5722157536699335,873,1.6141111180304837,0.36626499311743116,0.22691436111557345,0.2460716446615726,0.24492269087755814,0.0030912222070773095,0.7327920519710988,0.009685219386212458,0.23176426689883373,0.12072474314252309,0.025605539731220872
TSC_neg,OFT-0474-00,slow,3.332714934979325,874,1.969309486020712,0.33929702633471603,0.1722923840783995,0.19274159191588003,0.1955934058005761,0.001142530466643741,0.6838961644985743,0.010109351259657505,0.07752381121688103,0.043816581238269266,0.026075299221333552
TSC_neg,OFT-0476-00,fast,6.348378498121055,875,1.9614915567071327,0.3676940638771682,0.18745635820856507,0.2119393153892135,0.20906856337822827,0.0013922187159230398,0.7347379585297583,0.010269508523091312,0.09354459989978915,0.051907054211440234,0.026821377885401114
TSC_neg,OFT-0476-00,slow,3.6052951504194617,876,2.107372802166677,0.42060719994468093,0.19958841620819884,0.22333436599104178,0.22746973070654947,0.0011247031344973726,0.8280205051871493,0.012882856778672411,0.06683499160071682,0.03985892418969462,0.02821709710841018
TSC_neg,OFT-0476-00,medium,4.814785689072248,877,1.218444763228938,0.41499511008944867,0.340594110306397,0.3391651319772512,0.34668635278390897,0.008922700705706969,0.7980677997872544,0.01195364085403811,0.5806327997701145,0.29629322031207633,0.030114427513086423
TSC_neg,OFT-0481-00,slow,3.3932119789857307,878,1.9816006540577935,0.31328180464881034,0.1580953276369243,0.17660389261124493,0.1776584816618389,0.0012862504475981628,0.6163722521576156,0.0095825792095717,0.08273346723885477,0.04615802322421324,0.027866237714517874
TSC_neg,OFT-0481-00,medium,4.21071900935584,879,2.082551251451774,0.3394655600845469,0.16300466067661049,0.1827271363656463,0.18341782224268477,0.001091880448923963,0.6585367050236822,0.009838118936993512,0.07078238800081056,0.04031025346890204,0.02708691598196749
TSC_neg,OFT-0481-00,fast,4.9782641994885966,880,1.919290312178453,0.423138309150938,0.22046602666933857,0.2435298830061282,0.24265397150817974,0.0021586777942313486,0.8199951403639898,0.011681865497538994,0.14936456426239395,0.08052321487996647,0.02680814219165522
TSC_neg,OFT-0482-00,medium,3.8728073400165486,881,2.1266997602312636,0.45784657900007564,0.21528500993026306,0.24682440822569607,0.2399286742198219,0.001186317865427216,0.8876219837869423,0.013081308367975854,0.08053121423561345,0.046806261301794654,0.02534528143100654
TSC_neg,OFT-0482-00,fast,4.756305618395991,882,2.194091921764699,0.4319251075147633,0.1968582552217629,0.221630021151977,0.22288811553326537,0.0009142873915758797,0.8283579823553908,0.011857551893231497,0.06383662539335379,0.03784708864329264,0.024157403497875447
TSC_neg,OFT-0482-00,slow,3.194343885453115,883,1.9361542479200171,0.44674230490043976,0.23073693915676843,0.25602284264725217,0.2575804796816832,0.0018362789577707995,0.8843741422757706,0.012270356920347853,0.13246966134502028,0.07237000913268407,0.025373479702125543
TSC_neg,OFT-0483-00,fast,6.591536529313258,884,1.935364177719952,0.37110359446305957,0.19174871516959452,0.21220958698684328,0.2146217843851123,0.001714795594005669,0.7378257313293753,0.010665416909653147,0.10646635649207627,0.058565886700864704,0.029279768319128867
TSC_neg,OFT-0483-00,medium,4.898002324670423,885,1.3607631001731637,0.39577267554088286,0.2908461255971145,0.3039489780828236,0.3038289443748621,0.006393115044895446,0.7813902819189577,0.011967391927682867,0.4160969884688062,0.21403219019824454,0.029869876297457434
TSC_neg,OFT-0483-00,slow,3.724839091984619,886,1.5428446707773247,0.44463685471515224,0.2881928836628335,0.3041744011830326,0.3064017577238476,0.00552923326624609,0.8762921197676311,0.014104300480334982,0.335067866663281,0.174586083571808,0.03167052695796279
TSC_neg,OFT-0488-00,fast,5.281644049367402,887,1.61188733103813,0.39776918439536985,0.2467723250477985,0.26495932975343883,0.2651569163589191,0.0032809511074622954,0.7900719278533401,0.009998798790139062,0.2592360521140383,0.13461742545208866,0.024372410157480023
TSC_neg,OFT-0488-00,medium,4.250457885740834,888,2.1437565635633256,0.4298095660243266,0.20049364434826614,0.22601980545383965,0.2263006823016292,0.0009143924529556461,0.8321493521885759,0.010439399734917223,0.07312939385464598,0.0417843967947816,0.021883586292906432
TSC_neg,OFT-0488-00,slow,3.2376118296458154,889,2.1299608996252486,0.4302708735120489,0.2020088132076753,0.22637817228046142,0.22888579482934057,0.0011423442610209,0.8363807977052424,0.013592886110766686,0.07105025490585794,0.04232157050831231,0.02699201015700809
TSC_neg,OFT-0490-00,fast,5.02150805420161,890,2.0145096616387734,0.42243360169759625,0.20969549550531957,0.23388981021072347,0.23286461837428052,0.0017845344160801434,0.8092808965250055,0.011824535090821152,0.12226106908550972,0.06704280208816543,0.026617837567907292
TSC_neg,OFT-0490-00,medium,4.321360501965476,891,2.0825176099418834,0.4074223032037619,0.19563930756635078,0.21901451962082136,0.22011418927189566,0.0012371455345263074,0.7939896958561099,0.011998043131731173,0.08122384356174127,0.04661094334673622,0.026541954435962613
TSC_neg,OFT-0490-00,slow,3.6696133407707974,892,2.0241645259048204,0.4134731648138692,0.20426855600042831,0.2269371820523039,0.2297386787081643,0.0014456703046819691,0.8099190066693768,0.011909316110836418,0.09840253532353842,0.055155925717187415,0.02621060721733978
TSC_neg,OFT-0491-00,fast,4.706617622005911,893,1.987907014411833,0.3815811016487552,0.19195118226475727,0.2150642412836394,0.21536938965757726,0.0013029795060658642,0.7594937022818234,0.010760053377924086,0.0910629535852144,0.05091150348156925,0.02559302744884686
TSC_neg,OFT-0491-00,medium,3.8629526758110697,894,2.2687705358150456,0.40172413966327425,0.17706688857317898,0.20024006764059366,0.20141164305964826,0.0006761151871828849,0.7626982064699941,0.011160245481532419,0.0460616126990542,0.028610929090293308,0.0236313607659902
TSC_neg,OFT-0491-00,slow,3.1933966023651488,895,2.0116279814452436,0.36912054970005115,0.1834934456593005,0.20682522479868565,0.20741226228569423,0.0010474105848693367,0.7426327645202996,0.01071278290204125,0.07239437665036719,0.04155357977620422,0.02520626599466021
TSC_neg,OFT-0512-00,slow,3.5363983988258303,896,2.0673109966284295,0.373950006350918,0.18088715580809653,0.20333930178939114,0.20493291000497915,0.0010526375673723266,0.7410201879486228,0.01162791128735182,0.06637931170045,0.039003611493900914,0.026988207682689332
TSC_neg,OFT-0512-00,fast,5.349856471170865,897,2.007411174384991,0.42622119408311937,0.2123238126407762,0.23729357266221915,0.23876194168469766,0.0013987198642809629,0.8416338461506019,0.011548555386070402,0.10166281988332285,0.05660568763469662,0.02470988204060988
TSC_neg,OFT-0512-00,medium,4.335750285204293,898,2.0372049861494967,0.43062853269248746,0.21138203353135057,0.23666776793735994,0.23990334286054926,0.001536633521458352,0.8568019555144967,0.014542709235564189,0.08227008543445147,0.04840639733500783,0.03174443061365875
TSC_neg,OFT-0527-00,medium,3.913206718437792,899,2.0953279020303124,0.4006861082903514,0.19122835519065923,0.21603734995997292,0.21743485662835138,0.0008080877747233476,0.7964612715487177,0.010377634015613578,0.06199530397342833,0.03618646899452096,0.022331213770697033
TSC_neg,OFT-0527-00,slow,3.275010915893593,900,2.0219986967656354,0.4374360421712576,0.2163384392240089,0.23712424065208482,0.24520110836197895,0.001727418316235232,0.8456582297409839,0.012556218406882232,0.1159606919055585,0.06425845515622036,0.02688235053325919
TSC_neg,OFT-0527-00,fast,4.763850801872053,901,1.9893113843404364,0.44851884263223596,0.22546437232647923,0.25023804223278845,0.2524485713581663,0.0015868962687805852,0.8818183740947195,0.011003727116188196,0.11897572697910708,0.06498972704764763,0.024417647847899748
TSC_neg,OFT-0530-00,fast,4.9952229746334575,902,2.1642417739020576,0.45942733319021356,0.21228096543108538,0.23917415055751873,0.24282930205754796,0.0007370588385665593,0.9008117692825639,0.011005290103596656,0.06014292737917846,0.035574108741387556,0.020718968503884168
TSC_neg,OFT-0530-00,slow,3.141673173507647,903,2.245001369607471,0.40966132194591776,0.18247709221555855,0.21046253550481742,0.20839383653860882,0.0003927545743059948,0.8045772823843971,0.011932177870524432,0.02659826889818638,0.019265223384355407,0.020386712703520302
TSC_neg,OFT-0530-00,medium,3.8292747882485294,904,2.1665209475483005,0.3909180612909612,0.18043585580528806,0.20484791849065448,0.2057270402663934,0.0006435400582040381,0.7648055518413637,0.00952552288228561,0.05200991118213563,0.030767717032210623,0.020916080888624858
TSC_neg,OFT-0538-00,slow,3.23367831655063,905,1.1151708990947526,0.33973150762192933,0.3046452412789005,0.30872602774737956,0.30716956467851053,0.008885000116387548,0.665260404313132,0.009982054667636846,0.5519966391899599,0.28098934692879834,0.031620416266667124
TSC_neg,OFT-0538-00,fast,4.598164182965499,906,1.9796797419885104,0.38009460301870157,0.19199802622464152,0.21417007961218792,0.2156130509293558,0.0011789968598463817,0.7555221740847691,0.00926579692217107,0.09607342542880958,0.05266961117549032,0.02238476482991439
TSC_neg,OFT-0538-00,medium,3.864030608000618,907,1.9619857704468813,0.3981232386286935,0.20291851481573844,0.22719529595182886,0.22703190289955805,0.0012712120519406975,0.8006626105778571,0.010635583910788433,0.09670701462884518,0.053671299269816806,0.023685136548494003
TSC_neg,OFT-0545-00,slow,3.2965674006411745,908,2.1227314641382913,0.4396468047254607,0.2071137174687013,0.23654696591730834,0.23623399239864523,0.0009787008439742814,0.8734188068358462,0.015222972894749155,0.0551009329286157,0.03516195291168243,0.027834086645657036
TSC_neg,OFT-0545-00,medium,3.8330442099054283,909,2.1606244996014636,0.4353304351807829,0.20148361515898827,0.2296873855096756,0.22930329245728368,0.0009459233959946508,0.8512506627260336,0.013905324119859189,0.05675596040496281,0.035330642262411,0.026773455998025778
TSC_neg,OFT-0545-00,fast,4.459637915511511,910,2.110290026256084,0.389241490494454,0.18444928689968584,0.2087952570120451,0.20635301532193212,0.0014128949397558504,0.7542882870110282,0.012268841949429387,0.07222322549591403,0.04224603372267171,0.03344443999242484
TSC_neg,OFT-0587-00,slow,3.406079616851959,911,1.9297474912420303,0.3662188681852175,0.18977553791222215,0.21297839121341955,0.21198280777709155,0.0016510064225132215,0.7423905927604942,0.01372968536294542,0.08955253223943323,0.05164110880118932,0.03197077794881116
TSC_neg,OFT-0587-00,fast,5.206142921743413,912,2.0394643828159458,0.44680599052783615,0.2190800654782304,0.24513798774130827,0.24739958988061006,0.0014389381672121509,0.878899702319825,0.01172861818274288,0.09811596576794425,0.05492229197534357,0.026199528742502913
TSC_neg,OFT-0587-00,medium,4.2028958997816455,913,2.0544488051389886,0.3890045238108161,0.18934739227269234,0.21165047395335557,0.21289219144493654,0.001598460095142287,0.7413925203422969,0.01194541188999322,0.10228174253239886,0.05711357721119604,0.027987392371370132
TSC_neg,OFT-0590-00,slow,3.6340968756924896,914,2.106836109630546,0.38144747458266476,0.18105227684252823,0.2059382926316326,0.2057398803239201,0.0011911785377178722,0.7478464347297369,0.013444904774762595,0.06192418819796381,0.0376845464863632,0.03160920453557589
TSC_neg,OFT-0590-00,fast,5.296310945548177,915,2.107509798545903,0.42212823035730024,0.20029716144074478,0.22389731752333586,0.23127768622350342,0.0007692039186346351,0.8477773148728467,0.012543757234398887,0.05101390419537675,0.03177883071488782,0.024204915704286022
TSC_neg,OFT-0590-00,medium,4.359077471394224,916,2.11876304624392,0.40682292362529077,0.1920096371071292,0.21813863780761436,0.21862212129703035,0.000975389184332175,0.799876740091987,0.012846196222074878,0.06174686618920369,0.037296531205639284,0.026152276171589245
TSC_neg,OFT-0593-00,medium,4.30053356285064,917,2.043629126891076,0.4014293910627458,0.19642966807457413,0.2212742564308873,0.22213137923504395,0.0012371043825002445,0.7967398713973782,0.012545630504865058,0.07769592750763875,0.0451207790062519,0.027417620212825497
TSC_neg,OFT-0593-00,fast,5.482645704686782,918,1.8210549712171247,0.4250737963724177,0.2334217270159145,0.2548111805105674,0.25769609152814665,0.0026340606988814247,0.8380080258004825,0.0124496250334619,0.176421231209084,0.09443542812127295,0.027892717291425763
TSC_neg,OFT-0593-00,slow,3.4269324432332824,919,2.0059245587934353,0.394681186251288,0.1967577417211986,0.22208475460265914,0.22128038596804206,0.0012903333416124335,0.7906604457382641,0.012603595212639455,0.08143831485732322,0.04702095503498134,0.027441665968981004
TSC_neg,OFT-0596-00,fast,5.113619784019933,920,1.9902585730500826,0.377644873758638,0.18974663838774228,0.21075682623465766,0.21077501639152607,0.001780658143407426,0.7283826812434807,0.010778465702060981,0.11199386614746776,0.06138616592476437,0.029007482656431455
TSC_neg,OFT-0596-00,slow,3.354503327765217,921,2.0430039832654625,0.39104232873936834,0.19140556354390492,0.21430860254246548,0.21694842223276117,0.001315374421505173,0.7699183826268895,0.012351147529062086,0.08185573219589459,0.047103439862478336,0.027925230627433944
TSC_neg,OFT-0596-00,medium,4.092125021624827,922,2.1390004331514736,0.42151106708346087,0.19705983250430295,0.22309596499499257,0.2243163868083322,0.0009509126070462405,0.8241726237376499,0.01244824871422837,0.06289316224786623,0.0376707054810473,0.0252427607846277
TSC_neg,OFT-0600-00,medium,4.070885645657946,923,1.9477727272156082,0.34516267944713913,0.17720890873164558,0.19900455007453935,0.197490814329301,0.0012503085556225218,0.6917412893320021,0.009604633915033953,0.09021628848167049,0.04991046119835222,0.025051031899977722
TSC_neg,OFT-0600-00,fast,4.943092682224389,924,2.0583857766305838,0.4266500993265098,0.20727411944368493,0.2332349387622646,0.23434383961066063,0.001132105079389663,0.8451530315130499,0.011959681511594527,0.08053964961211844,0.04624966556185649,0.02447812466612396
TSC_neg,OFT-0600-00,slow,3.213657347083294,925,2.032905544196299,0.4153497273497303,0.2043133428090173,0.22648919936885495,0.23089326747250835,0.0015055377888957846,0.8089461529622589,0.012368289409478386,0.09995158334579249,0.05615993637763544,0.02680803943174221
TSC_neg,OFT-0603-00,medium,4.424195133129473,926,2.0240219551778758,0.46265074099300285,0.228579902411357,0.25680639456795407,0.2542184048213717,0.001866307442472722,0.8957630971645338,0.013785788875788298,0.11993983545345588,0.06686281216462209,0.027912488004209427
TSC_neg,OFT-0603-00,fast,5.447853653217789,927,1.3294715121980412,0.39671084995781003,0.2983974055238839,0.3104317169915191,0.3105470130067855,0.006148571647953948,0.7855801665320571,0.01094593877818776,0.4400716673542999,0.22550880306624385,0.027265328733742548
TSC_neg,OFT-0603-00,slow,3.39684934238167,928,1.8036798937100726,0.40419991707965247,0.22409736810240477,0.24389428717250045,0.24612394070500568,0.002787487552256195,0.8008294822927173,0.01315120526771401,0.16967257178555537,0.09141188852663469,0.03049370926675478
TSC_neg,OFT-0609-00,fast,5.120660196764288,929,1.9061374567852503,0.47202454591507664,0.24763405400529623,0.2723814667216824,0.27501480603863493,0.002514117559890968,0.9231002727594114,0.014720817375359067,0.16239625428141363,0.08855853582838635,0.028389330699447927
TSC_neg,OFT-0609-00,medium,3.963107750414615,930,2.080011164437641,0.41092281562334715,0.19755798557670032,0.22292609991774748,0.22372729662118052,0.0014138349283927868,0.8079046554847277,0.01503742297912671,0.07255844393787735,0.043797933458502025,0.032280859317994466
TSC_neg,OFT-0609-00,slow,3.0987537958525446,931,1.7734421732019714,0.2846637020220173,0.1605147922630336,0.17909735299970225,0.1773097702223712,0.0015135677296459322,0.6093056678628207,0.01139211024048707,0.08192227809867243,0.04665719416957975,0.0324401789817179
TSC_neg,OFT-0615-00,fast,5.506124833261599,932,1.9266443410075629,0.41331413077886076,0.2145253911070649,0.23926374734645908,0.24083807901870885,0.0015310260709551623,0.8416817376581787,0.012061586082180265,0.10222158445284343,0.05714158526751185,0.026793552607747396
TSC_neg,OFT-0615-00,slow,3.241871681084765,933,2.1979785492537913,0.36338118782785156,0.1653251747844485,0.18771936040176718,0.18918292808383858,0.0007520923180918623,0.7031489009848592,0.011351911211540798,0.045075801145003896,0.028213856178272347,0.026656842415998878
TSC_neg,OFT-0615-00,medium,4.1768034691964635,934,2.2752896186648695,0.3573165841469568,0.15704224254168955,0.17779700279395805,0.17704708441405026,0.0008493967254816617,0.6646690727784311,0.010873526820514784,0.05191414464496421,0.031393835732739496,0.027056162640102514
TSC_neg,OFT-0616-00,slow,3.677514551351727,935,2.141190881302048,0.38877303782542477,0.18156860335077352,0.2059147094952417,0.20694325108787712,0.0010060601367805934,0.7533320875492155,0.01200205987201057,0.06353642308241302,0.03776924147721179,0.02663702254617963
TSC_neg,OFT-0616-00,fast,5.141993862278656,936,2.1679095039772114,0.3854168467560289,0.17778271927354414,0.1997773262386504,0.2016697833872791,0.0009116943585295528,0.743166406078052,0.011440952550920832,0.059428887847916834,0.03543492019941883,0.02572869794538173
TSC_neg,OFT-0616-00,medium,4.381624995693241,937,2.1679933012917036,0.42685296121495164,0.19688850558746193,0.22163264852361053,0.22358374170572126,0.001197748504645322,0.8147705316587602,0.01350852367085775,0.07305944632932942,0.04328398500009359,0.02767186303762771
TSC_neg,OFT-0618-00,slow,3.4631090312336124,938,2.1366272657462977,0.4013291442082161,0.18783301638156186,0.2146951260824118,0.21564253715299614,0.0008130816441514363,0.7980920458010639,0.014332495538722147,0.04484250645563713,0.02958750099717964,0.02748057851283018
TSC_neg,OFT-0618-00,medium,4.15215061959132,939,2.2208179867551103,0.4377866256013719,0.19712854822516648,0.22210172744561812,0.2243851085794898,0.0013114732979948053,0.8188038091629795,0.014247406569565592,0.0744805425582288,0.04436397456389719,0.029561672751071872
TSC_neg,OFT-0618-00,fast,5.008737435122246,940,2.023294574612385,0.3406655006844329,0.16837167704544273,0.18928093470401924,0.18955408609892588,0.0013482537501906316,0.6670435287715807,0.01126479343373983,0.07997704404575466,0.045620918739747246,0.02955341074742462
TSC_neg,OFT-0619-00,slow,3.10900424868578,941,2.227582281049694,0.3727305032682716,0.16732513381846054,0.189898673743866,0.19172645324013277,0.0004580121877808966,0.7302976233350513,0.011082574966649278,0.030165009509266236,0.020623792237957756,0.022207951985568037
TSC_neg,OFT-0619-00,medium,3.6048510671164706,942,2.1776105011717077,0.40802882284926945,0.18737456612636705,0.21468669127714682,0.2135833703042552,0.0006276300477996539,0.8041551034346965,0.011656757425420855,0.043385901959001966,0.02752132969221141,0.022805222524450715
TSC_neg,OFT-0619-00,fast,4.242491067780013,943,2.1777623849027052,0.4539866130299266,0.20846471413831913,0.23812170533617188,0.23729308012925066,0.000877900060350271,0.8843756666154333,0.013419349849722342,0.057946889473574265,0.035683119661648305,0.024602671197883664
TSC_neg,OFT-0622-00,slow,2.9753959028281596,944,2.028911512496292,0.4327239871016568,0.2132788859624787,0.24023841201366491,0.24127967781484133,0.0008291787742729804,0.8703780304920115,0.008786991382305662,0.08284389377091388,0.04581544257660977,0.018098237791471263
TSC_neg,OFT-0622-00,medium,3.4025674833575543,945,1.93356015324358,0.3839351650303843,0.1985638586864373,0.2224817764377412,0.22175167008574614,0.0015353421005412603,0.7661964377041393,0.01079323118043739,0.10841607693260466,0.059604654056521024,0.02575876204373821
TSC_neg,OFT-0622-00,fast,4.052815997451586,946,2.1279848782063144,0.3867847277715207,0.1817610321073065,0.20714263977872255,0.20740293614874586,0.0007234653287466935,0.769368599442966,0.01164076067328737,0.047823150816333176,0.029731955744810273,0.024332920947286646
TSC_neg,OFT-0623-00,slow,3.17267226717241,947,2.122809931008973,0.3738243018758598,0.17609880960853655,0.20006280677503374,0.19925457226493548,0.0009649558598564248,0.7339950362170939,0.0128381194208627,0.055459873069994586,0.034148996245428644,0.02825722469033328
TSC_neg,OFT-0623-00,medium,3.857686687552365,948,2.0511972994868604,0.3275285337532267,0.1596767574894737,0.17988815518524592,0.17923888123301396,0.0010416398776198128,0.6462362854423975,0.010338359059795844,0.06501663370995797,0.037677496384876906,0.027646207353573232
TSC_neg,OFT-0623-00,fast,4.699234254290662,949,2.1196377425540414,0.40766848389204713,0.19232931916037224,0.21641568171107523,0.21756515448334207,0.0011261213849833075,0.7903349326594463,0.01188405835126545,0.07364174661163136,0.04276290248144841,0.026334072750834592
TSC_neg,OFT-0625-00,medium,3.507405209542257,950,1.9902487561051867,0.39596118886135195,0.19895060235396272,0.22204789243894993,0.22463793390921466,0.0014251699053909747,0.7854941123972523,0.011699463446499062,0.09568895692040306,0.053694210183451066,0.026542338559814072
TSC_neg,OFT-0625-00,slow,3.0389692149047574,951,2.11312167942659,0.4067897056723444,0.19250652228542256,0.21911420320026406,0.21848302167282602,0.0008781660820625341,0.8039296364478987,0.011539292744356947,0.060820585560833064,0.03617993915259501,0.02427218239253306
TSC_neg,OFT-0625-00,fast,4.019008537818045,952,2.1008700958558286,0.4390596550822094,0.2089894353526653,0.2365869905592981,0.23541873832562932,0.0011297583096516052,0.8601843478250374,0.012712260290713177,0.07696648485003109,0.044839372570372134,0.025195676141064008
TSC_neg,OFT-0626-00,medium,3.800339375058317,953,2.054026463451562,0.3546217134431735,0.17264710058665522,0.19400905024367582,0.19541062180410002,0.0010482696196369686,0.6976885414516524,0.010206417709503758,0.07263247999408672,0.041419448851795236,0.0253086327485387
TSC_neg,OFT-0626-00,slow,3.2401688929946837,954,1.9897778061690163,0.3226023457449325,0.16212983416779045,0.18078299879876691,0.18340217757864802,0.0010881479874397726,0.6448835067532299,0.00957061901241235,0.07321331870665074,0.041391968859531544,0.026288867561060678
TSC_neg,OFT-0626-00,fast,4.424975138313797,955,2.0244420346594167,0.3709470593792122,0.18323422109816975,0.20584702903296337,0.20462789759476405,0.0013456767926989081,0.72448241149052,0.010833063843976903,0.0901321514060045,0.050482607624990704,0.02665624570535754
TSC_neg,OFT-0627-00,fast,3.762920014944877,956,2.1171326563336645,0.35725074701871284,0.16874273133048748,0.19309559454942904,0.19277243560663487,0.0006680605279196603,0.715556945236545,0.011498570531256129,0.04150135687034161,0.026499963700798868,0.025209865774250887
TSC_neg,OFT-0627-00,medium,3.1321628586044827,957,2.025362012588409,0.3774211307353766,0.18634749165312578,0.21007009294981238,0.21035813239721843,0.0011741810562848453,0.7484196915818607,0.010992314378450182,0.0803405991370327,0.04566645675774144,0.025712112120145965
TSC_neg,OFT-0627-00,slow,2.777013102240094,958,2.1981056100445358,0.4215290609526612,0.19176924849580845,0.2205768982110925,0.2205779858128861,0.0004076121229407509,0.8441582079925334,0.016280135644334844,0.021110944451851174,0.01869554004809301,0.021802639661234517
TSC_neg,OFT-0629-00,fast,3.4379627832655903,959,2.1385797869932177,0.4415422319903669,0.20646516659131184,0.23491209998456136,0.23518861044519745,0.0007680467518128743,0.8734315684630475,0.011694928711302873,0.057504655138611895,0.034599791924957386,0.022198016493239943
TSC_neg,OFT-0629-00,medium,3.0651769419954658,960,2.0366485974859945,0.4476696572729729,0.21980701915174222,0.24820437230954717,0.24828581229557276,0.0011157411249499592,0.8942852583964964,0.011576171974485003,0.08618222417165276,0.04887919807306888,0.022826502253209067
TSC_neg,OFT-0629-00,slow,2.725589451628151,961,2.022343618448508,0.42913739570850534,0.21219806159238602,0.23927278741304117,0.23930645796547936,0.0010957367810156438,0.8586248803894251,0.01085288226411203,0.08668841399305093,0.04877064812858148,0.022467135932390855
TSC_neg,OFT-0631-00,medium,3.208009906719112,962,2.119111644361137,0.3526661059895956,0.1664216734064128,0.1892965258606693,0.185734420499074,0.001759567519938165,0.6597552110267131,0.013277332643833562,0.08401679872675788,0.04864706568529572,0.036170064836408417
TSC_neg,OFT-0631-00,slow,2.7169390502474386,963,1.9988308810146778,0.2974388945670086,0.1488064334967739,0.174430767111594,0.16819987520372764,0.0005183329734690373,0.6283342762348886,0.010870467044008734,0.02981888826984649,0.02034467765692761,0.02547757119624545
TSC_neg,OFT-0631-00,fast,3.8033672954076105,964,2.050241726430995,0.39553913584984685,0.19292317132691988,0.21694026811162126,0.218547646734434,0.0012103497540388506,0.7859725176034214,0.013086366785908542,0.07273143342577437,0.04290890010584146,0.02820742901946531
TSC_neg,OFT-0633-00,fast,3.4341895987944664,965,2.0822024408537763,0.40174603201667447,0.19294283021392697,0.21916023043151323,0.2187997976017491,0.0007759620463147552,0.8065135817307856,0.010760877936520061,0.05812250004346155,0.0344416889899908,0.02252973268936549
TSC_neg,OFT-0633-00,slow,2.772819705206391,966,2.3838509190149146,0.3540766365307566,0.1485313673378001,0.17022053263957287,0.17141698638620034,0.00018576629652544515,0.673698272729266,0.008837733292366428,0.014176331629520856,0.011507032460943641,0.01614371882202992
TSC_neg,OFT-0633-00,medium,3.0478471252333805,967,1.9938046773637756,0.40903108446441927,0.20515103064420703,0.23021655862435397,0.2305886164112459,0.0012675700067461386,0.8145961866941345,0.01104797417367119,0.09563241861238234,0.05334019639302676,0.02376387963415616
TSC_neg,OFT-0635-00,medium,4.0637692144578015,968,2.1199412604793957,0.29990397541241853,0.1414680590464093,0.158350964408532,0.1605120759419004,0.0008219100449354164,0.5826738976964024,0.009076554096745636,0.052517832530558375,0.030797193313652008,0.02668782302870028
TSC_neg,OFT-0635-00,fast,4.801584295277011,969,1.8433793784888202,0.36737183033389265,0.19929257895629687,0.21926118596483213,0.21900400666226752,0.0021541386897981777,0.7151497548288062,0.01018194166126301,0.15372410633411793,0.08195302399769047,0.026285042146326213
TSC_neg,OFT-0635-00,slow,3.2926859075206787,970,2.0490817063794284,0.39289420033103567,0.19174159776441999,0.21398196543533016,0.21641209316250354,0.0013393417206360961,0.771538121735439,0.012660617335740434,0.08200461154917214,0.04733261444245629,0.028296381605211664
TSC_neg,OFT-0638-00,slow,3.796938451440158,971,2.349225672625023,0.380207552463017,0.16184377554420876,0.18580356552188532,0.18522238255486917,0.0003539018637115906,0.7187835239712542,0.00874468958218486,0.028674875219088427,0.018709782400636643,0.018915338304498305
TSC_neg,OFT-0638-00,medium,4.485155004975407,972,2.1789825157138853,0.4065687627541369,0.18658651908500307,0.2112263866765364,0.21288161737241454,0.0006631654422042234,0.7927988841066672,0.009970034046530912,0.052905114579176835,0.03143757431285387,0.021094675931567504
TSC_neg,OFT-0638-00,fast,5.337613244890823,973,1.848717903106463,0.3804680766362394,0.20580104514427328,0.2256739371779305,0.22639413110466725,0.0018720903359902418,0.7482913027148015,0.009293004969243821,0.15108129830304062,0.08018715163614222,0.02334651247477965
TSC_neg,OFT-0659-00,fast,4.419306841560274,974,2.0956214811272083,0.3372015345544652,0.16090765321468684,0.18317922821760887,0.1821491460803522,0.0005741931737584219,0.6755655126078305,0.008176064952957054,0.04746178279409035,0.0278189238735237,0.020640380496705798
TSC_neg,OFT-0659-00,medium,3.6965436007629857,975,2.1501152945568487,0.38590245384011496,0.17947988873761847,0.20471324505024902,0.20534589020132563,0.00050749310550027,0.7693040082169214,0.00928814183043548,0.04203119434886506,0.02565966808965027,0.019777851518857543
TSC_neg,OFT-0659-00,slow,3.1187587161412047,976,2.0919987644065587,0.3413318463351938,0.16316063476835754,0.18352129548297252,0.18553465977336472,0.0006242786997967944,0.6794864587216349,0.007966812998986586,0.05365059443642997,0.030808703717708278,0.02026306285122832
TSC_neg,OFT-0672-00,medium,3.2153953152905714,977,1.9889080076929204,0.434798604223564,0.21861172188044967,0.24486089914674755,0.24522754400907254,0.001281134151927749,0.8633402806018392,0.01037277577159346,0.10754613816799542,0.05895945696979444,0.021729069733191195
TSC_neg,OFT-0672-00,slow,2.928375099479191,978,1.806269087497356,0.3563202791864466,0.19726865817104794,0.21707484760108195,0.21957596005560762,0.002358655665571295,0.7191422478016842,0.012590934510469207,0.1345086052141666,0.0735497698623179,0.03206883814846192
TSC_neg,OFT-0672-00,fast,3.626543425925075,979,2.02327607695437,0.4509802009056063,0.2228960279036488,0.2516445100773965,0.25170150860995194,0.001156597619177429,0.903142456415448,0.011557782484338636,0.08976936159660986,0.05066357204047425,0.02282897894079484
TSC_neg,OFT-0680-00,medium,3.5047798635178533,980,2.062724086160778,0.3568408539805066,0.17299495185741134,0.19679845775609794,0.1960216217538598,0.0006550406870458597,0.7179839214368219,0.008223299937895528,0.057040496429429675,0.032631898183662605,0.02007363112495278
TSC_neg,OFT-0680-00,fast,4.408493350286812,981,1.2524207278312058,0.42554461225805496,0.33977768237273015,0.3489617445788381,0.35152207495399584,0.006192097528533811,0.8448673174844573,0.00982941894587082,0.5411053604747211,0.275467389710296,0.02247851382715728
TSC_neg,OFT-0680-00,slow,2.9536097291235635,982,2.1038049828489878,0.38877037421175253,0.18479392214637544,0.20748180538947314,0.21011779232455013,0.0006556633755851114,0.7696771523092625,0.00767253846305711,0.06315856047028558,0.035415549466671345,0.018513432248231508
new_preds,OFT-0000-00,fast,4.878165266112309,983,2.1671942241419115,0.41379792113428576,0.19093716498719757,0.21632750385433222,0.21709811133346782,0.0009315923225787232,0.7967805169071647,0.011245718698994218,0.06622121009359673,0.03873346439629548,0.024051355516441282
new_preds,OFT-0000-00,medium,4.003651983367746,984,2.0769363537806345,0.4082733842003487,0.1965748172577225,0.2213777301691111,0.2222257044448917,0.0013023697626519833,0.7934347486596762,0.012113483662757685,0.0852979504171173,0.04870571703993749,0.02673956656020631
new_preds,OFT-0000-00,slow,3.302366113550242,985,2.1660132434034973,0.4324212973357795,0.1996392675126528,0.2267496534553562,0.2257352478663044,0.001048149845686732,0.8334523152660084,0.01281300606051114,0.06763461378996839,0.040223809925239766,0.0260579454714715
new_preds,OFT-0000-01,fast,4.986656975880067,986,1.818520863943987,0.3893343496746041,0.21409396911191897,0.23219035968119472,0.2350191525318619,0.0025035141724941467,0.7623320406877084,0.011179663376860702,0.16798084849195505,0.08958025593440788,0.027947164767281537
new_preds,OFT-0000-01,medium,4.115068516186907,987,1.9654783328969991,0.36524320319182463,0.18582916793261092,0.20764812721206916,0.20814043379499905,0.0013645523355057022,0.7296473490435401,0.010929269862202148,0.09108251811880248,0.051005893990502316,0.02675283636357383
new_preds,OFT-0000-01,slow,3.3662820556192905,988,2.0268031967445155,0.4600350842672036,0.2269757048963212,0.2551795089233714,0.2558330087768367,0.0015158479348421194,0.9131265983350298,0.014546228161036956,0.09524383483981701,0.05489503150042698,0.027613572547641747
new_preds,OFT-0001-00,medium,4.064611047559662,989,2.0733614749896874,0.43829806338113486,0.21139491047180514,0.23656788700259818,0.236335699640282,0.0016130387513709477,0.8426840470257014,0.013426208672406011,0.10130792389240707,0.057367066282406544,0.028117853254518575
new_preds,OFT-0001-00,slow,3.346330768886294,990,2.1372665718861983,0.45394287143873413,0.2123941287483464,0.2407061917411431,0.24251562492580184,0.0011115419156258741,0.8858977911620773,0.014769594851987736,0.06857195840888843,0.04167077663043808,0.026674374837879967
new_preds,OFT-0001-00,fast,5.103151457339209,991,1.8343671419176564,0.41711312642943615,0.22738802767333918,0.24977878645362472,0.24988366786137836,0.002594072278918989,0.8141666621486476,0.012044994293913758,0.17560893134992483,0.0938269628219193,0.027647407535107565
new_preds,OFT-0001-01,medium,4.051609373710005,992,1.5488317586646672,0.3875232856439142,0.2502036024739183,0.2680273573806682,0.26725354609028695,0.004563207133183348,0.7739511295381146,0.012668140686208503,0.2782917741231649,0.14547995740468672,0.03136656907652038
new_preds,OFT-0001-01,fast,5.026346522161009,993,1.177102111407635,0.4664967388025941,0.39630949114918756,0.40463180809103905,0.405041202436074,0.01018348635805464,0.9219305375169417,0.01394797673594153,0.6742695878125156,0.34410878227422853,0.0295937996431
new_preds,OFT-0001-01,slow,3.269359681303632,994,1.6858132575079177,0.42504546418282274,0.25213081122113934,0.2739626811074497,0.27409797246442497,0.004325428161962432,0.8481803312816453,0.016036065698523283,0.2264387462232681,0.12123740596089569,0.03567734007239952
new_preds,OFT-0003-00,slow,3.2657576301561844,995,1.3090602730104584,0.3470910860118318,0.2651452291143349,0.27674781141484106,0.275250395154908,0.008611023882729763,0.7392444572304464,0.016194922070458147,0.33750344172245367,0.1768491818964559,0.04869134134740563
new_preds,OFT-0003-00,fast,5.09530215121746,996,1.6495334833753135,0.4403467976956224,0.2669523244806008,0.2839378164030884,0.2869919510138088,0.0045789684059861805,0.8507104060366123,0.013235870036168586,0.2859812900511468,0.1496085800436577,0.03060632220859244
new_preds,OFT-0003-00,medium,4.026749647057258,997,2.0815739615668845,0.437216163746435,0.21004113801333527,0.23763918187999877,0.23773283807363207,0.0011484654883289539,0.8656820518191473,0.013561817001238477,0.07335973061117611,0.04346077380620729,0.026425334566061595
new_preds,OFT-0004-00,slow,3.272585020826242,998,2.0415367338290933,0.35585825600499554,0.17430901443421498,0.1963191924815873,0.19643977550306962,0.0011461494426010465,0.7034423728705868,0.011154366528750256,0.07226778968031243,0.04171107810453134,0.0274782982048247
new_preds,OFT-0004-00,fast,4.633310332928519,999,2.0614842271138882,0.4049031748498862,0.1964134236509572,0.2197536921135233,0.22164565608718856,0.00137352758874016,0.7918770936984508,0.013020466132252235,0.08362748278385004,0.04832397445805114,0.028423315841549533
new_preds,OFT-0004-00,medium,3.8293391498400897,1000,2.0661082431868807,0.39008518529780434,0.1888019113152151,0.21427483313820564,0.21350807740818822,0.0009735129956613538,0.7803417562623706,0.012061215896901593,0.06247279709722126,0.037267006497061425,0.02612265076182379
new_preds,OFT-0004-02,slow,3.1795953810106714,1001,2.010404673295037,0.37283397058829093,0.1854522005150431,0.20799808224533267,0.20870225907238213,0.0014607088548987577,0.739007960833543,0.013002769756161929,0.08202824765219266,0.0475155087041773,0.030741728221681447
new_preds,OFT-0004-02,medium,3.786087741582427,1002,1.5411783481051506,0.3497788804670364,0.22695548564971918,0.2385468290064639,0.24164133305323887,0.004350298875167079,0.6934498586888918,0.011999747854912975,0.2594337345885637,0.13571674122173835,0.032054253852584196
new_preds,OFT-0004-02,fast,4.519883192989829,1003,1.9454406970645017,0.39573620258482234,0.20341725305837044,0.22621536714111432,0.2269701162963766,0.0018259944345920993,0.7877140781493053,0.0134517402549766,0.10683667415783407,0.060144207206405335,0.03036027107856917
new_preds,OFT-0005-00,medium,3.6109181548990934,1004,2.1164842635348906,0.4181407788828426,0.19756384967610202,0.22319313282354558,0.22319785953074456,0.001288401436406591,0.8175291716282924,0.015619132259224417,0.06610715798385476,0.04086314512153959,0.03152966891252467
new_preds,OFT-0005-00,fast,4.2917038391663525,1005,2.2428740081984344,0.3895306413850487,0.17367477618501417,0.19790920897332426,0.19836150192149393,0.0006705931397807936,0.7503113560596084,0.013012486524487943,0.038632601616196936,0.02582254407034244,0.02596929016575789
new_preds,OFT-0005-00,slow,3.1358347612048605,1006,2.0471815979297285,0.3976415163015224,0.1942385163600771,0.21909115099435084,0.21957410107323763,0.0014127427432588816,0.7870449480597176,0.014696263922010414,0.07550161068604448,0.04509893730402745,0.03132541092343478
new_preds,OFT-0005-01,fast,4.027670889929504,1007,1.9143458263024469,0.3853319027266199,0.2012864642491933,0.22227002796443307,0.22300835834399196,0.002232223569805726,0.7559731972493232,0.013387689539438084,0.12557546587691953,0.06948157770817881,0.03212684057320947
new_preds,OFT-0005-01,slow,2.9102364226381257,1008,1.904571488590139,0.37531070428643726,0.19705781932305486,0.2201430360821633,0.22174143807671082,0.0023580396752527714,0.7451239819503802,0.01534733389643933,0.11452836425183856,0.06493784907413894,0.036312254084064584
new_preds,OFT-0005-01,medium,3.358657186746214,1009,2.0333356739254507,0.4272690649011404,0.21013208511523201,0.23277078921981462,0.23883153297687928,0.0014626227907480866,0.8563717247243061,0.016721006080776764,0.07454147675805105,0.04563124141941391,0.032053101017010914
new_preds,OFT-0005-02,slow,2.8935066333518384,1010,1.8355437904349918,0.3513539112841069,0.19141679600073294,0.21199167575575564,0.21040965936737593,0.0030650198248620307,0.6920967443987034,0.015452976952192858,0.13502100046886054,0.0752369887105267,0.04073820440441407
new_preds,OFT-0005-02,fast,3.6567606631694884,1011,2.040823949926441,0.4499240449506903,0.2204619584981386,0.2451981093750982,0.2513371659650578,0.0019178203089569457,0.8733681340316101,0.015996497167306882,0.10529642571095646,0.060646461439131674,0.03162295480144018
new_preds,OFT-0005-02,medium,3.2730044873384885,1012,1.8242627545586727,0.39721450375298223,0.21773974322524428,0.23909984190185024,0.23976114241874968,0.0029654896929047886,0.7905343919096348,0.015471074645691562,0.15172539691661494,0.08359823578115325,0.03547311334019015
new_preds,OFT-0006-00,medium,4.037668572248394,1013,2.0752967596948912,0.43086361244362426,0.20761542195390387,0.23462415842094042,0.23317252685877987,0.0012622948756501533,0.846562325522189,0.013205815844432141,0.08105534681820444,0.04713058133131829,0.026782926074611302
new_preds,OFT-0006-00,fast,4.719175694484258,1014,2.214076818951575,0.39819917468571064,0.17984885225177902,0.2060183171323291,0.20240014588885374,0.0008039551430563289,0.7669968991390399,0.012164369662377529,0.04860534627960812,0.030384857970992826,0.026459071943789627
new_preds,OFT-0006-00,slow,3.4561045158789185,1015,2.1450926486198014,0.40726206608405413,0.18985756458868816,0.21500419669455842,0.2136109731371017,0.0009906743476955156,0.7931493705515942,0.01280961281595423,0.06118285138719163,0.03699623210157293,0.026777709280653914
new_preds,OFT-0006-01,medium,3.8211992233032044,1016,1.8865960366552177,0.4326487095273928,0.22932768919330712,0.2525767634316236,0.25468021175798544,0.0026611229523695766,0.8489151258763381,0.01492781475320215,0.1524672033583612,0.08369750905578167,0.03179452987777718
new_preds,OFT-0006-01,slow,3.3029947304816667,1017,2.13074664352027,0.3574105532015546,0.16773958287742083,0.18809426334912993,0.18894954351907317,0.0013936998413881499,0.674862700706787,0.012180422447545275,0.07735699367602986,0.044768708061787565,0.03113111594519623
new_preds,OFT-0006-01,fast,4.704071983765259,1018,2.0313288032774657,0.369893171922695,0.18209418944185085,0.20474813785343202,0.20523467791221334,0.0011893475788431606,0.7319660323708959,0.011171062305439251,0.07794980675264712,0.04456043452904319,0.026690663845927682
new_preds,OFT-0006-02,slow,3.195155471775108,1019,1.6648218449935857,0.4027264954620917,0.24190365874472494,0.26169916446037794,0.25990415231887165,0.005030696891835304,0.793469616981306,0.01682141023790199,0.23270432922653975,0.12476286973222087,0.04032206779655447
new_preds,OFT-0006-02,fast,4.717209483417762,1020,2.759819217196303,0.40342942961939465,0.14617965811153316,0.16971243807631803,0.16616904135535948,0.0020949898900757286,0.6164040932459649,0.013708696639643506,0.08113573842437939,0.04742221753201145,0.04417739192945893
new_preds,OFT-0006-02,medium,3.682545257741189,1021,1.624332916309066,0.3348078913556876,0.20612024049630404,0.2263251093945291,0.2219541287254064,0.003657449295804812,0.6705880467830609,0.012118713307906603,0.2024605780281354,0.107289645668021,0.034089489931971695
new_preds,OFT-0007-00,medium,4.087946325368151,1022,2.146013898371094,0.3789452587638739,0.17658099001665728,0.20116619242622363,0.20141231948496174,0.0006227322930325348,0.752591188545685,0.010695841206639002,0.04359633239488132,0.02714608680076016,0.022940039115144095
new_preds,OFT-0007-00,fast,5.165258575012588,1023,1.7273917207168614,0.44403082048846176,0.25705276641258334,0.27919632515409315,0.27580327118694326,0.0034831704531624917,0.8525678453918718,0.011956650416293632,0.2536924264269448,0.1328245384216192,0.02622384760040358
new_preds,OFT-0007-00,slow,3.4308893182343443,1024,2.2250817918559296,0.4191539757986345,0.18837688454095894,0.21562325706616284,0.20790529412383751,0.0009033295691525163,0.7907505994382774,0.010987458288553242,0.06625469649669025,0.038621077392621744,0.023389548664561347
new_preds,OFT-0007-01,fast,4.7393133201903925,1025,2.107938057337855,0.335867798156429,0.1593347570092269,0.17739043045555283,0.18164693591886025,0.0009744040939730695,0.6504013524698934,0.009778930909473649,0.0644508611371686,0.037114896023321124,0.026253720160250568
new_preds,OFT-0007-01,medium,3.7105898696752706,1026,2.2183550124213482,0.41337522756829537,0.18634313500484026,0.21203678561536543,0.21204967402588476,0.0007725007729127851,0.798092364394688,0.012502725059033168,0.04752099607445471,0.030011860566743938,0.02573984945701071
new_preds,OFT-0007-01,slow,3.200164000438366,1027,2.107248759418382,0.39277804975668557,0.18639377434731316,0.21069657910245132,0.2076340733634665,0.001142399106374368,0.7620522185414119,0.011573024622709203,0.07399959282344348,0.042786308723076344,0.026700108994404257
new_preds,OFT-0008-00,medium,4.4052964411122035,1028,2.0576518925337246,0.39432867001378363,0.19164012700331948,0.21642426291145636,0.21539438168731306,0.001459466379927391,0.7632650121672444,0.01199433722550805,0.09118596374583021,0.05159015048566913,0.028289632152416495
new_preds,OFT-0008-00,fast,5.372266814575959,1029,1.3001784433936703,0.4284948192217169,0.32956616178259196,0.34188158959386045,0.34300712486444557,0.0071467411058266095,0.849706626679951,0.012236611952604153,0.49863899611154805,0.2554378040320761,0.027978400193767603
new_preds,OFT-0008-00,slow,3.5883826533620677,1030,2.080623001679412,0.37698068197993057,0.18118644351987068,0.2057028796373507,0.20473385582385556,0.0008272157632695186,0.7501910331023403,0.010079494791290179,0.061545149652612534,0.035812322221951354,0.02309863510505533
new_preds,OFT-0008-01,slow,3.556479295313264,1031,2.0132499900671204,0.3705764547021966,0.18406877264648183,0.20516975007274352,0.20728767076188945,0.0014067425225505834,0.7335542357381145,0.012198983942712972,0.08236896941040661,0.04728397667655979,0.02975093512487818
new_preds,OFT-0008-01,fast,5.284338126498327,1032,1.9388781719378676,0.3620438427294523,0.18672851547325284,0.20837149827489798,0.2088927246300839,0.0015573685539888313,0.7274576729942359,0.011664547992821099,0.0938921359800653,0.0527783419864432,0.029507720314307366
new_preds,OFT-0008-01,medium,4.4304273661428155,1033,2.0311440380372137,0.41434252360775853,0.20399465318479157,0.22497174799311356,0.22919579269312432,0.0017436614096134815,0.8049657355107208,0.012706126377472962,0.10173702465284247,0.05722157551515772,0.03047209717515719
new_preds,OFT-0009-00,fast,4.711588729566945,1034,2.1198655877408275,0.3790387244710256,0.17880318764689834,0.20294311856950237,0.20055834461678934,0.000913010554755816,0.7392607207144156,0.010451715277942137,0.0647050724525434,0.03757839386524277,0.02429615693608138
new_preds,OFT-0009-00,medium,3.9330758277225475,1035,2.237453873792412,0.380568771486823,0.17009010820043016,0.1937534501238929,0.19499166915604038,0.0004646666100866222,0.7420484064817083,0.010580883281881497,0.03250580807124058,0.02154334567656104,0.021568915852850805
new_preds,OFT-0009-00,slow,3.3488761687051802,1036,2.132217954017952,0.3878865738134695,0.1819169438483228,0.20416595259365905,0.20358875781791594,0.0010446517439036238,0.7444911710066376,0.010360444858724765,0.07475632276659863,0.0425583838126617,0.024546320849543765
new_preds,OFT-0009-01,fast,4.82244510000515,1037,1.9435650048667887,0.35769393599571286,0.18404011962554814,0.20745245689185643,0.2050387644289841,0.001310615750625886,0.7245493840538197,0.011017174263262887,0.08611021261956633,0.04856369344141461,0.026987563295756387
new_preds,OFT-0009-01,medium,3.9403263554771137,1038,1.8438836087302195,0.3705013913346128,0.20093534623357087,0.22096870147384562,0.22218384328354965,0.00246619006014843,0.7271697899291963,0.011962432034886583,0.14692599546057325,0.07944421374772992,0.031043041951169168
new_preds,OFT-0009-01,slow,3.3649749865096066,1039,2.085257982356381,0.3752765866544761,0.1799665028642674,0.20384387711298757,0.20235861914187664,0.0013030024041443982,0.7324977295922287,0.013313857035078543,0.0704064643207222,0.04186016067790037,0.03112750603540575
new_preds,OFT-0010-00,medium,4.049368823347643,1040,2.0367160491726173,0.4209633770708831,0.20668731767586976,0.2331983252289232,0.23254488197785372,0.0010812842804194282,0.8371387534156439,0.010717907961167667,0.08494935474375474,0.04783363135246121,0.0226051054424868
new_preds,OFT-0010-00,slow,3.1516759515537567,1041,1.8762318531143989,0.39549401158622166,0.2107916518578087,0.2333638897612611,0.23582389901883638,0.0019457787765889331,0.79572325262234,0.012377278008990356,0.12547147788752208,0.06892437794825622,0.02823063239032339
new_preds,OFT-0010-00,fast,5.169350383446414,1042,2.3983235075066576,0.4250343459056325,0.177221440133198,0.20235378180190927,0.20169561886774934,0.0011137314887701027,0.7582275261588689,0.013041242283400822,0.06040971348796928,0.03672547788568505,0.030325854226779598
new_preds,OFT-0010-01,slow,3.205415107371987,1043,2.0128375378253653,0.4082556796133963,0.20282594692389763,0.227937507135372,0.22812647450390655,0.0014568240031264152,0.808497955969099,0.012688417706452692,0.09137545636166194,0.05203193703405732,0.027998650178502026
new_preds,OFT-0010-01,medium,3.894360657290227,1044,1.7321446949267503,0.40099414978352954,0.23150153157412,0.2520833145785937,0.25282205430515403,0.0026644272413544616,0.8005315483510603,0.010915462626352818,0.19664099718241712,0.10377822990438497,0.025674240578291853
new_preds,OFT-0010-01,fast,4.900670578774587,1045,1.8400063853744277,0.44116261008022756,0.23976145603997684,0.2648246946739622,0.26539627262257565,0.002226962952031654,0.8804133343768445,0.011867102202070203,0.16523900164908634,0.08855305192557827,0.02514834783902465
new_preds,OFT-0010-02,fast,4.8188895808123995,1046,1.8086312695308109,0.4286426355915505,0.23699835495089475,0.26071281288513315,0.26134030270991376,0.002423984292953329,0.8536582143445146,0.0117866929318722,0.17594666855456662,0.09386668074321941,0.02582369243016435
new_preds,OFT-0010-02,slow,3.1534664715516216,1047,1.963536858272682,0.39726790806599255,0.20232261309088337,0.22667745441844656,0.22645559143179012,0.001374402846337979,0.7943867365069089,0.01084505541427753,0.10015690508356372,0.055500980248920626,0.02476357787148648
new_preds,OFT-0010-02,medium,3.7692720461420155,1048,1.7918101296851914,0.43034095879436524,0.24017107151301414,0.2632545058734992,0.26413099088378045,0.002872512728967086,0.8547439106207664,0.013592808263704022,0.18455999807929485,0.09907640317149943,0.02899290483925642
new_preds,OFT-0011-00,medium,4.248830874266682,1049,1.9781355448539477,0.43163709121442667,0.21820400140794996,0.24298253134966788,0.24554606968686976,0.001867873003365938,0.8571632520319626,0.014779033625695064,0.10572239187401439,0.060250712749854725,0.03100167480376308
new_preds,OFT-0011-00,fast,5.476385147129096,1050,2.0364612082623386,0.422764505694975,0.20759762276822813,0.2333258551061771,0.23559545366850085,0.0014301172033353144,0.8405471924315459,0.014405990022115426,0.08159063287928939,0.04799831145070241,0.029795156540124206
new_preds,OFT-0011-00,slow,3.517884337550012,1051,1.9074204900352487,0.3767580286777239,0.1975222719090962,0.2178234278876337,0.2175267257902493,0.0021933255202916165,0.7432561658938747,0.014236576727253923,0.12002089787927833,0.06712873730326613,0.03267342137515375
new_preds,OFT-0011-01,fast,4.941834339140536,1052,1.9213056749076762,0.422056962883311,0.21967194933913467,0.24060599116162543,0.24173692155281373,0.0030520030202362347,0.7939383018540453,0.013672757115953523,0.16921724213839198,0.09144499962717276,0.0333752860482197
new_preds,OFT-0011-01,slow,3.356965917525955,1053,1.9705754325872817,0.34962561896689937,0.17742310859313606,0.2008752858698602,0.1976979020208994,0.0015574772207344843,0.69710946678241,0.012813880016780795,0.08431286553950054,0.04856337277814067,0.03207102661196414
new_preds,OFT-0011-01,medium,4.046721779835142,1054,1.8841400573281506,0.3397102362427639,0.1802998853092153,0.19974309083466163,0.2003678426483731,0.0020478688197685135,0.6732484556759625,0.012337511237460316,0.11327088097044423,0.06280419610395227,0.03260719739774905
new_preds,OFT-0011-02,fast,4.5805242636828964,1055,1.1565515503070112,0.2803172756837282,0.24237335171901062,0.24594015013005727,0.2387778036104608,0.011929301251705006,0.5152287569339393,0.015674304933252652,0.4456330057395043,0.2306536553363785,0.05171954129366675
new_preds,OFT-0011-02,medium,3.8748159230232058,1056,1.186687516225683,0.21490787236555284,0.18109895775180793,0.16261350896378293,0.18796383675001377,0.006584391384563621,0.38310079147857673,0.007582097858858904,0.34403300759210514,0.175807552725482,0.03745226688210001
new_preds,OFT-0011-02,slow,3.015670427297723,1057,1.8614139805956633,0.43656321343270277,0.23453311191581358,0.2596624024780232,0.25982356859806066,0.003116055267260532,0.8682123193298765,0.01810396543268358,0.14971515839187813,0.08390956191228086,0.03713587815555585
new_preds,OFT-0012-00,fast,4.824823042979368,1058,2.005076618866922,0.4073348785426432,0.20315177719883346,0.22673118898054345,0.22681038411670976,0.001861515831587572,0.79569654622764,0.014361920855321803,0.10277867655268935,0.058570298704005576,0.031782590711975735
new_preds,OFT-0012-00,medium,3.8513597443342165,1059,2.0377616332768844,0.4208633704599284,0.20653218884249297,0.23046688002175364,0.23276359872430763,0.0018946835288785983,0.819544726403597,0.016056429051860718,0.09579850719435323,0.05592746812310698,0.03387751300859964
new_preds,OFT-0012-00,slow,3.1682194909034176,1060,2.0204263680660355,0.47173230542505257,0.2334815625459282,0.2621611658023788,0.26150953407741895,0.0022635288669449116,0.9223158506294186,0.019009815236976205,0.1094624268899353,0.06423612106345575,0.03523763311780425
new_preds,OFT-0013-00,slow,3.1432687672484896,1061,1.2911501070175968,0.35458923020366845,0.27463052380697034,0.28214335207234437,0.2842776151943056,0.007811905237237586,0.6883567797775517,0.012582008803788717,0.42975075460765244,0.2211663817057206,0.03532139548962711
new_preds,OFT-0013-00,fast,4.610194905909725,1062,1.4401937307265493,0.308558080513381,0.2142476209486897,0.224275808650096,0.2258133848439138,0.004700059976303231,0.610165756760699,0.010227395872180054,0.2790525009679223,0.14463994842005118,0.032494895273702064
new_preds,OFT-0013-00,medium,3.7597136185564115,1063,2.076960849327216,0.4146598669350531,0.19964741611252457,0.226447864557541,0.2260814808056655,0.001169790362424336,0.8237740742617573,0.014506679363291737,0.06664534587388918,0.04057601261859046,0.02882960367299325
new_preds,OFT-0014-00,slow,3.305239742545865,1064,1.9688149248315658,0.41755598432268265,0.2120849344731603,0.23381361685518143,0.2301744252554059,0.0025722093610709186,0.7964523804752572,0.014051634316174157,0.13799903866490024,0.0760253364905372,0.033833580748321705
new_preds,OFT-0014-00,fast,4.9536416460988795,1065,1.9678005085264354,0.27835686212148575,0.14145583402147308,0.15999138373433802,0.1589744356175894,0.0009546477985783638,0.5638301592137116,0.00887381672372535,0.06061522639988335,0.034744521561804353,0.027476210800031146
new_preds,OFT-0014-00,medium,3.9946985530099175,1066,1.8541693679034956,0.46979044019631433,0.2533697559287721,0.2790342320282361,0.27822339388167117,0.0031284728877574953,0.9238656349518425,0.015925343085756567,0.17876991492350292,0.09734762900462975,0.032137124650552185
new_preds,OFT-0015-00,slow,3.355792632032818,1067,1.9820943337388341,0.4125324313446997,0.20812956493676957,0.23312648452702517,0.23311388079064127,0.0015076903578341815,0.8175212571567265,0.011953972380242232,0.10373677305624071,0.05784537271824147,0.026064148037872926
new_preds,OFT-0015-00,fast,4.864336275273991,1068,1.0881305056896893,0.30648115147115723,0.2816584498537705,0.2853037124047749,0.280838931331055,0.00773269542117064,0.590220119889849,0.008660818532490159,0.5324315163802655,0.27054616745637783,0.028581796200892184
new_preds,OFT-0015-00,medium,4.043408845910476,1069,2.05428223675962,0.4165354381709136,0.20276446474460466,0.2252360507552506,0.22870583104201847,0.0015859082204324184,0.8028458701544843,0.012674415396846187,0.10083715191981026,0.05675578365832822,0.02794267153422884
new_preds,OFT-0016-00,medium,4.133623413573652,1070,1.9148436055699485,0.4110122003727056,0.2146453105502414,0.24026827065672213,0.23933420481048917,0.0015155945677789275,0.8245314917780131,0.010337512731622416,0.12038008803478335,0.06535880038320288,0.023188836987412535
new_preds,OFT-0016-00,fast,5.098181977830576,1071,2.0625438415837642,0.43884339112361614,0.21276803056299728,0.24123308079359795,0.24083272789139645,0.0009623104440795911,0.8762825611725725,0.011067840784412945,0.07579709013123373,0.04343246545782334,0.022156477509066977
new_preds,OFT-0016-00,slow,3.379475438724064,1072,2.093859510442602,0.3705236877631933,0.17695728195482974,0.19802673808306553,0.19758203574739908,0.0011533961357970356,0.7083599460740999,0.009527197994049845,0.0855717905195536,0.04754949425680172,0.024256748758837703
new_preds,OFT-0017-00,slow,3.090183610114333,1073,1.3413857717798598,0.3618413382919124,0.269751883391302,0.2801278157491964,0.2817444199065634,0.007790599208109995,0.7169289976682376,0.014855014518202446,0.38547764962096354,0.20016633206958298,0.03892062729811016
new_preds,OFT-0017-00,medium,3.6946214550434697,1074,1.9500470814494024,0.3839219752023427,0.19687831071083003,0.21988647537841916,0.21898714846687783,0.0020903338276892836,0.7584372161071431,0.01483802753936829,0.10566949761487592,0.0602537625771221,0.03469217088333281
new_preds,OFT-0017-00,fast,4.4722126437043785,1075,1.9524193639807583,0.42621173647021854,0.21829927746732744,0.24453244942486874,0.24114182584708582,0.0025138563252543756,0.8225869851104751,0.015166056856188232,0.13688644107883763,0.07602624896751294,0.0330656366635763
new_preds,OFT-0018-00,slow,3.546282782449429,1076,2.2539885887877267,0.3835727427605111,0.17017510411035838,0.1901672343432651,0.19626911504097622,0.0007829908004871027,0.7282685523751001,0.012407230797917147,0.04594046179300549,0.02917384629546132,0.02683879227158729
new_preds,OFT-0018-00,medium,4.352545774855427,1077,2.034605738471087,0.33777848655168763,0.16601667839859366,0.18806051465374796,0.18722779416654423,0.0013705166498377834,0.669837582688685,0.011640571794192723,0.06709894653820596,0.03936975916619934,0.03481140547627306
new_preds,OFT-0018-00,fast,5.385130184189311,1078,1.615217980818382,0.47910185193009086,0.29661745821288127,0.31063012112723826,0.31515131383543427,0.006216748038765039,0.8920196596690075,0.014425457455736434,0.3650501645466209,0.18973781100117867,0.03276494024022666
new_preds,OFT-0019-00,fast,4.7416725959700425,1079,1.8568769329079655,0.4214864170874351,0.226986726808742,0.24845722179412635,0.25094106927850024,0.0027384852814284536,0.833103612771375,0.014754536401448375,0.15460011792006279,0.08467732716075559,0.032340242344087916
new_preds,OFT-0019-00,medium,3.7749451758300614,1080,2.0324796728067365,0.35523171494477374,0.1747774994739403,0.194016320122582,0.19714452255113085,0.0014010422697810338,0.6984063617073702,0.01278020034200822,0.07674950131201808,0.04476485082701315,0.03129782058685162
new_preds,OFT-0019-00,slow,3.1708962337164426,1081,2.09866832536436,0.39576043919433956,0.18857693443561632,0.2141503476225729,0.21290841061480786,0.0013492320045379131,0.7674540744830246,0.014248320288044788,0.07484786334621943,0.04454809181713211,0.030287088615971458
new_preds,OFT-0020-00,fast,5.041835692512438,1082,1.5596577025245895,0.4500941870015323,0.2885852365381026,0.30278435021646344,0.3069073958815175,0.005507551959102171,0.8670312966743596,0.013469580903095397,0.34908699184756775,0.18127828637533158,0.03038175210735907
new_preds,OFT-0020-00,medium,4.156083708800489,1083,1.3700289344237695,0.363997115068725,0.265685713580802,0.2791433045665964,0.277780089814474,0.006479537992004067,0.7168191539144796,0.01225973426414431,0.3763401288965415,0.1942999315803429,0.03334812287015543
new_preds,OFT-0020-00,slow,3.314598617498518,1084,1.6558490406518176,0.35985004917345836,0.21732056506298725,0.23564725440605142,0.2339915928567447,0.003418710891284241,0.7189380665612335,0.011918681247613434,0.20627154360705346,0.10909511242733345,0.031336975738133
new_preds,OFT-0021-00,fast,5.0742760427674,1085,1.9068315054829965,0.4491617447192238,0.23555397707017225,0.2589082477621922,0.25762748182813294,0.0023487540246183974,0.860133845640766,0.011678782065627015,0.17485841037420352,0.09326859621991526,0.02518268870564257
new_preds,OFT-0021-00,medium,4.155731291045072,1086,2.122152273033565,0.4301738157757253,0.20270638504220168,0.2295253254842089,0.22712698106390283,0.0011227979260643067,0.8370868097915062,0.01293147700155945,0.07341817081643834,0.04317482390899889,0.02600584841830201
new_preds,OFT-0021-00,slow,3.3470293276423746,1087,2.01979473796106,0.3538457356068267,0.175188958044334,0.1928514632137623,0.1976789863887739,0.0012339511135585606,0.6884616845259389,0.009325499879340915,0.0910630854397439,0.05019429265954241,0.02458349442093343
new_preds,OFT-0022-00,fast,5.430273868354208,1088,1.9975871134194425,0.4656973242251018,0.23312992014046757,0.26017056935510957,0.2612763476811256,0.0017560706384077429,0.9149480633606331,0.013607607433999828,0.11849164117114705,0.06604962430257344,0.026587140456139167
new_preds,OFT-0022-00,medium,4.37535709171642,1089,1.3258777574116252,0.4228213060560458,0.31889916222855746,0.33018575150314067,0.32946516138461523,0.009216163031478385,0.8065665500601074,0.014396625037401679,0.49737838269898654,0.2558875038681941,0.036016463845087054
new_preds,OFT-0022-00,slow,3.453180145909575,1090,2.1478176858408347,0.44394127173082093,0.2066941131258193,0.23364870020978806,0.23382475284321536,0.001152448252661797,0.8567376130046658,0.013253817672128966,0.07425615287632135,0.04375498527422516,0.026338673077800624
new_preds,OFT-0023-00,fast,4.670969000092753,1091,1.5153099726794783,0.33496537241818625,0.22105402753066872,0.2361292647037324,0.23524975738462778,0.004177119940656272,0.6707644242018592,0.010979002299603574,0.2552512361243144,0.13311511921195898,0.031379755848808207
new_preds,OFT-0023-00,medium,3.933850263301241,1092,2.0348454070661,0.34468564338686253,0.16939156271524353,0.1909131538524217,0.19249887333974303,0.0010972774351566687,0.6884717500754003,0.011816778959539692,0.06382748472668685,0.037822131843113276,0.029011517375810297
new_preds,OFT-0023-00,slow,3.335814548414565,1093,2.1677343725372684,0.3608994340941107,0.16648692693454348,0.18880392339600494,0.19028537267168877,0.0010871165539719683,0.6932453511112424,0.013526281349184861,0.055295212303558036,0.03441074682637145,0.03159235570960733
new_preds,OFT-0024-00,fast,4.986332189763434,1094,1.6426888019247732,0.3889855843948642,0.23679809830022677,0.2544799634208162,0.2555409644492031,0.0037177698539314565,0.7746791325745722,0.012251559656909562,0.2326376741628127,0.12244461690986112,0.03036286892602499
new_preds,OFT-0024-00,medium,3.9726958562361516,1095,1.9320826362568355,0.3844622750049334,0.1989885255372825,0.22013000266967633,0.22009225586734946,0.002320401769863786,0.748468524156404,0.01292162857000425,0.12498042238668318,0.06895102547834371,0.03365289716528702
new_preds,OFT-0024-00,slow,3.190250778024826,1096,1.2194640280383964,0.343668906733019,0.2818196345535812,0.2896735501330999,0.2883437483713158,0.009204064587570083,0.6741071761022428,0.013311888124069257,0.4615800454901617,0.23744596680711547,0.03876277500660528
new_preds,OFT-0025-00,fast,5.6197062935175355,1097,1.8669162880279209,0.41340684795591476,0.22143834225829626,0.24148872622391454,0.24198525433672938,0.0026056280184985404,0.8013565446440711,0.011412277132693468,0.16636317208673107,0.08888772460971227,0.02931369916306574
new_preds,OFT-0025-00,slow,3.4688105909235136,1098,1.7077312333806696,0.38597635304649885,0.22601703681580498,0.24542028285820175,0.24593736869464095,0.003402984787070292,0.76708280535435,0.013015005868796871,0.20054700936834963,0.10678100761857325,0.03186882071038244
new_preds,OFT-0025-00,medium,4.485876745948467,1099,1.862771601152606,0.42497969503929034,0.22814374815266159,0.24609089352970437,0.246957290452898,0.003079839143934365,0.8033117074024733,0.012086750090630415,0.1925146694169229,0.10230070975377667,0.030105745613565164
new_preds,OFT-0026-00,medium,4.474867505989942,1100,2.0095166389757693,0.3963960472283813,0.19725940036526415,0.22192837977954388,0.22020520279121455,0.0015599567252276765,0.7763813414378498,0.011001104913564565,0.09966352181597292,0.055332313364768744,0.02819250868735472
new_preds,OFT-0026-00,slow,3.5649474299623862,1101,2.087317992132474,0.34882262563229116,0.16711522966173556,0.18975100645548684,0.18869660721696016,0.0010619509759219757,0.6867643818581334,0.01036480039104142,0.06112348340712341,0.03574414189908241,0.029709790737744275
new_preds,OFT-0026-00,fast,5.466693345154297,1102,1.839936137742631,0.4167058701143568,0.2264784421407159,0.24753274867781655,0.24672305984785556,0.002595647255135675,0.8044380283505831,0.011754756921189297,0.1822390500227761,0.0969969034719827,0.026760104314932292
new_preds,OFT-0027-00,medium,3.8861788990780433,1103,2.1026712463954045,0.395481426071009,0.1880852400245546,0.21309729634482652,0.21436426791481372,0.0008621346934747313,0.7904667653948267,0.013149730517570775,0.05156042251557352,0.03235507651657215,0.02664604093991708
new_preds,OFT-0027-00,fast,4.652084796837354,1104,2.003574508640426,0.449017249860028,0.22410808678371513,0.24863257636978364,0.2466272619705449,0.002214923384373907,0.8617378511700051,0.01502255096698658,0.12991160315165154,0.07246707705931905,0.030564547022654813
new_preds,OFT-0027-00,slow,3.3009856784546923,1105,1.9234915972409328,0.3585587780511512,0.1864103688133964,0.20852502618140417,0.2104270708304531,0.0016024093839949525,0.7260595649944466,0.01263376748945219,0.09141993800456917,0.05202685274701068,0.03079966016370311
new_preds,OFT-0028-00,fast,4.689858284698439,1106,1.9845476145102283,0.47419722897586575,0.2389447476637612,0.2659077474161474,0.26699401317811244,0.00160872183270894,0.9295685765931646,0.011521397107985384,0.13070653577723812,0.07111396644261175,0.022621742439400596
new_preds,OFT-0028-00,medium,3.7722514080631764,1107,2.111233044687761,0.4680683086716231,0.22170376209739917,0.24918770578033128,0.2493381913277859,0.001221760388359778,0.9079990768651451,0.012549919740386899,0.08822656468281667,0.050388242211601784,0.024246934100798426
new_preds,OFT-0028-00,slow,3.0909490564114446,1108,2.007965463403801,0.3421279172573713,0.17038535945604036,0.19031920325144616,0.19269728994087465,0.0013547349519240591,0.664594449856778,0.010093193972610735,0.09137033794351405,0.05073176595806239,0.02670387924291766
new_preds,OFT-0029-00,medium,4.135799857949085,1109,1.8490562212499804,0.4018591933084407,0.21733205766819785,0.23776749367902558,0.23910123211464313,0.0036177340286315976,0.7715560370533129,0.015128576502932386,0.17128945090803593,0.09320901370548416,0.038813134962061506
new_preds,OFT-0029-00,fast,5.103712108244621,1110,1.6819336728898342,0.3103649390511653,0.18452864346184836,0.2012608463558428,0.19874050535184112,0.0029144063161145707,0.6176495376241201,0.010517850250909698,0.16995092745090737,0.09023438885090854,0.03229817759313418
new_preds,OFT-0029-00,slow,3.4441352005475863,1111,1.9653569676279727,0.4355577287863311,0.22161761754253434,0.24787882021929616,0.24534588712372501,0.002327821066033008,0.8594823624846657,0.017284249223056804,0.11434609301828005,0.06581517112066843,0.03536906501033141
new_preds,OFT-0030-00,slow,3.5179731417620954,1112,1.8764389278544469,0.37291398832953937,0.19873494564298758,0.22160193924934096,0.2201499189161375,0.002989700141193775,0.7374113749840958,0.012845585747974942,0.12878264304196166,0.0708141143949683,0.042218986521791596
new_preds,OFT-0030-00,fast,5.116356199746773,1113,1.920184643073492,0.39958785422211107,0.20809866158627408,0.23244142215335128,0.23095360617368388,0.0021242666371279915,0.7890923754955672,0.012523475850972134,0.12439912467934737,0.06846130026515976,0.031028721758138148
new_preds,OFT-0030-00,medium,4.194069349249732,1114,2.2585472216045743,0.4467590047429349,0.19780813102749167,0.2243154722399493,0.2225673482530747,0.0011117672267716176,0.8339874926469599,0.013831378028955848,0.06677732306500117,0.04030435054697851,0.027584298262683788
new_preds,OFT-0031-00,fast,4.653527402720172,1115,1.99311461429288,0.409054403740786,0.20523375866465707,0.2298678012568139,0.22986152525112685,0.0015743943369747719,0.808942084683795,0.012802497354555801,0.09952638082136724,0.05616443908796152,0.028031871457116237
new_preds,OFT-0031-00,slow,3.1004909242390246,1116,2.095791191461104,0.3647237447308022,0.17402675715825058,0.19642823289854244,0.19664997193553302,0.0009913147287820008,0.7176213801498302,0.01161046097803833,0.061232366562627524,0.03642141377033293,0.0272179090859311
new_preds,OFT-0031-00,medium,3.7456464417575006,1117,2.061012828049144,0.4221218756684407,0.20481283276048362,0.23099093516781088,0.23195914113906685,0.0013408047300174444,0.8343776519199007,0.014350001849435063,0.07783739399655992,0.046093697922997494,0.029088677854776274
new_preds,OFT-0032-00,fast,4.919230261933626,1118,1.7051408905859604,0.42853992115628864,0.2513222945518735,0.2724982712301016,0.27385701981454924,0.004176194391219043,0.8505452514060005,0.015775096652812293,0.22340144905966972,0.119588272856241,0.03492143745766203
new_preds,OFT-0032-00,slow,3.349847733522009,1119,1.7593964722672109,0.3727084735666144,0.21183882055096492,0.23065369344891182,0.23047702408632303,0.0040331459711336615,0.730278401927957,0.01653705600054505,0.17694150481204862,0.09673928040629684,0.04169088248532331
new_preds,OFT-0032-00,medium,4.059304389777337,1120,2.0571731101773625,0.41676424716945804,0.202590751895219,0.22751718660043763,0.22536301048970755,0.0022844861184771947,0.7935415199879609,0.01590724806085996,0.10571650105069721,0.060811874555778585,0.03756644792098608
new_preds,OFT-0033-00,fast,4.905183307370193,1121,1.9452230964359751,0.42108987676541276,0.21647382119661793,0.24045785275876963,0.23938751095523203,0.0024461724560577765,0.8166742677754533,0.014191043126716445,0.13489182921264165,0.07454143616967905,0.03281627751965419
new_preds,OFT-0033-00,slow,3.342021748421344,1122,2.0500381530441536,0.34666895199381176,0.16910365862168675,0.19174747341429377,0.19219202097987298,0.0009509800617250396,0.6978417273850767,0.011777446321597005,0.054627127404410794,0.0332022868630039,0.02864200486095679
new_preds,OFT-0033-00,medium,3.9848760324780574,1123,1.5146753126256451,0.3888191560468469,0.25670132259093886,0.2739918166341741,0.27397431029271646,0.005720992603267565,0.7690285303493498,0.013657899652917018,0.3044567844861753,0.15905734206954616,0.03596811394450512
new_preds,OFT-0034-00,fast,5.074866239014861,1124,1.8225554764911145,0.3692251466925646,0.20258650639453646,0.22267389976549257,0.22266836368848109,0.002397015669700142,0.7291810851399947,0.011628774676898669,0.15045847024056636,0.0810436224587325,0.029576857462420374
new_preds,OFT-0034-00,medium,4.112262384388982,1125,2.0705375715183987,0.36586989188947205,0.17670285095148827,0.19737379905689162,0.1997985526885055,0.0012749321879287343,0.7146585001213058,0.012466596650591601,0.07299489531511892,0.04273074598285526,0.029836413069883494
new_preds,OFT-0034-00,slow,3.4269681247855748,1126,2.167687251158479,0.4299163492263756,0.19832950947910732,0.22505321035298648,0.22304277426772606,0.001144763216638958,0.826264753337676,0.013933942693424827,0.06776799854232375,0.04085097061787429,0.028022913515256074
new_preds,OFT-0035-00,fast,5.646110551084446,1127,1.938531639044318,0.3959210577895447,0.20423760428523668,0.22441202439088712,0.22397765979250517,0.00212947544833751,0.7511385438218118,0.010495716610291634,0.14902840801265976,0.0797620623114757,0.026697848408454874
new_preds,OFT-0035-00,slow,3.71377334256408,1128,2.0564039596345127,0.4161622803484182,0.20237379839629527,0.2260671389803918,0.2282132907667252,0.0015015741990062317,0.8156566503322625,0.013439883963029439,0.08579132606694434,0.04961560501498689,0.03026415174324018
new_preds,OFT-0035-00,medium,4.616287633924444,1129,1.9886859337737997,0.34635820600641115,0.17416435653524726,0.1953235403922933,0.19506136767873977,0.0012647799396503202,0.6948739155074095,0.01035745307287491,0.07625820235663607,0.043307827714755484,0.029204418840416576
new_preds,OFT-0036-00,fast,5.186458482310195,1130,2.0009375199531014,0.44003726296522866,0.2199155438774232,0.24472322510657551,0.24509363056391298,0.0015627499677893085,0.8548950289478151,0.010730616435690168,0.12253463970230108,0.06663262806899563,0.023453224239799435
new_preds,OFT-0036-00,medium,4.227666220482835,1131,1.7445690221073054,0.4009409347654352,0.22982233989293777,0.2502106593177905,0.2486564630594536,0.003344020047781347,0.7782056113222063,0.010766519555673431,0.21253250608233878,0.1116495128190061,0.02995104916581503
new_preds,OFT-0036-00,slow,3.489395855501848,1132,1.7624142944679078,0.35635160806622124,0.2021951417352795,0.2220683621728814,0.22239096834820044,0.002241831641030121,0.7208545302815151,0.010635537120610033,0.1521269010634336,0.08138121909202181,0.027547285062112056
new_preds,OFT-0037-00,fast,5.165989934795382,1133,1.7213271511030692,0.31689525409044283,0.18409937581439326,0.20031649507022087,0.20138205972497653,0.0027588325625056385,0.6312596548041891,0.01090967555204355,0.1578672794768596,0.08438847751445158,0.03269205279871516
new_preds,OFT-0037-00,slow,3.4300736681865533,1134,2.009896973655104,0.41266241170832785,0.2053152062604878,0.22907866354753015,0.22917504390064994,0.0022626509113931673,0.7993327978828634,0.017376402898760395,0.10596257607285416,0.06166948948580728,0.036689956901846864
new_preds,OFT-0037-00,medium,4.19976062605067,1135,1.9008395788323302,0.419177513292154,0.2205222986516575,0.23984739334243815,0.2440803923197727,0.0031476964628010993,0.801977717093657,0.015605107205392406,0.1606862811650279,0.08814569418521015,0.035710155690500504
new_preds,OFT-0038-00,fast,5.14610105316247,1136,1.84507430034343,0.336932990156065,0.18261215285116186,0.2015399371455821,0.20178191382192245,0.002005445155972724,0.6763476426309689,0.011425918685679947,0.1178300235844774,0.06462797113507868,0.031030606728797826
new_preds,OFT-0038-00,slow,3.5899993513818673,1137,2.223058305570682,0.40373550562992655,0.18161264804356245,0.20919209814967166,0.2068332613477462,0.00091171817792318,0.7714689910524472,0.013358005780077087,0.05177330595698455,0.03256565586853082,0.027996309412708646
new_preds,OFT-0038-00,medium,4.3274567642949435,1138,1.9371495902230058,0.4656118921884937,0.24035928590052366,0.2677838478186155,0.2670110825163311,0.0025194578588090873,0.9150823182587501,0.01567587929391637,0.1407857913346041,0.07823083531426023,0.03220543215073955
new_preds,OFT-0039-00,slow,3.260892231746532,1139,2.082690011534483,0.40014273148690693,0.1921278391267119,0.21783926449151939,0.2167534740014695,0.0014274732224262504,0.7774967014926331,0.01398839888471643,0.07960622908716951,0.046797313985942966,0.030503315272646558
new_preds,OFT-0039-00,medium,3.9250382545508016,1140,2.0043163719040695,0.3383011023834676,0.16878627901546642,0.1887241758469025,0.18940159068713874,0.0014500373642396024,0.6655571656585737,0.011889061193402358,0.08100626352965064,0.0464476623615265,0.03121873718752952
new_preds,OFT-0039-00,fast,4.746900983575478,1141,1.742380999785828,0.38901916869174147,0.22326871604979587,0.24261419040027005,0.24402883773155593,0.0031490000783091386,0.7711469948563068,0.012913237152042907,0.18874085843349764,0.10082704779277027,0.031231699700077258
new_preds,OFT-0040-00,fast,4.938832787952649,1142,1.3486031120952504,0.36394390772563034,0.2698673200895931,0.2758200641762534,0.2793522590382899,0.0070421243474485615,0.696126822878013,0.011608936187584597,0.41172969076334476,0.21166931347546467,0.033269462785236646
new_preds,OFT-0040-00,slow,3.431003404640686,1143,1.6488985199317752,0.39459405469452613,0.2393076650410559,0.2437717573886327,0.24758672573367435,0.0066433273611541084,0.685204362117924,0.013129460994267737,0.3298967045176131,0.17151308275594043,0.03873364792006815
new_preds,OFT-0040-00,medium,4.077914931868688,1144,1.295870622212958,0.3568550911181337,0.2753786412016443,0.280509750995736,0.28512916548279016,0.008023617536779763,0.7003571691577909,0.013254958143079284,0.42061704492717167,0.2169360015351255,0.03698610410444302
new_preds,OFT-0041-00,fast,5.268448447915762,1145,1.2229718242383685,0.3315061358678561,0.2710660452658495,0.276206638346982,0.2775683947815134,0.006466796806817167,0.6389857864764741,0.009718355395659115,0.45931328768545104,0.23451582154055509,0.027575098193103602
new_preds,OFT-0041-00,slow,3.3552688336897867,1146,1.9588849578434784,0.42290117318667353,0.21588872357886818,0.240903414837582,0.2411498008097801,0.0019957383661857574,0.8386304880914859,0.013492428421240578,0.11294246424046304,0.06321744633085181,0.03156942398054101
new_preds,OFT-0041-00,medium,4.085163353503756,1147,1.8238095094951974,0.37498312937154527,0.20560432842316678,0.2267673156063082,0.22589608532390976,0.0037969895307154783,0.7226248025545176,0.016970846822013396,0.16371407525960988,0.09034246104081163,0.042028847642308666
new_preds,OFT-0042-00,fast,5.389475259488362,1148,1.8900075422836755,0.46983320443195475,0.2485880050321177,0.2722953783601798,0.2728855602464727,0.002889226659007028,0.9023883988033473,0.013951713840568376,0.18574528052546635,0.09984849718301736,0.028936105605187213
new_preds,OFT-0042-00,slow,3.487348401486152,1149,1.9519590033971264,0.39041725546983125,0.20001304063782163,0.22213571073114807,0.22333873870333593,0.001839406865010391,0.7714344043580768,0.013042608489898251,0.10893785025430608,0.06099022937210216,0.030159041603010646
new_preds,OFT-0042-00,medium,4.381898257016973,1150,1.846195652435954,0.4437777431863329,0.2403741676028716,0.2649610504099285,0.2650863454609259,0.0029673654695145835,0.868590843121508,0.013077727941105847,0.17856252167108858,0.09582012480609721,0.03096808186713784
new_preds,OFT-0043-00,medium,3.8390939804331343,1151,1.9656292793369763,0.38884542798479177,0.19782236257487612,0.22117666881188736,0.21991529324714804,0.0022922113273168188,0.760339855803308,0.016046459537780857,0.10812245633605684,0.06208445793691885,0.03692085593540703
new_preds,OFT-0043-00,fast,4.588556362077827,1152,1.788942070457818,0.4296591986320363,0.24017502060426127,0.26430217259480016,0.2596611637478876,0.0037504750034763027,0.8289779130285352,0.015362222310276223,0.2073515610886447,0.11135689169946046,0.0336797745181179
new_preds,OFT-0043-00,slow,3.251453109822439,1153,1.911836061535106,0.36994547519347215,0.19350271847912784,0.21464957739620744,0.2148913288202506,0.0026918613165859955,0.7282724729258455,0.014923388310214156,0.11634452972103797,0.06563395901562606,0.04101324005070485
new_preds,OFT-0044-00,fast,4.688216959175329,1154,1.9615669185982674,0.3966523112750717,0.20221197019295106,0.22523358700258977,0.22493455871825224,0.0021156836826368786,0.7779938631090262,0.014878107699071797,0.1110803968221296,0.0629792522606007,0.03359334394575582
new_preds,OFT-0044-00,medium,3.9761796698040714,1155,1.8194264356760756,0.4195690651794458,0.2306051275019203,0.2529924013320664,0.25224031867934554,0.003880864633408711,0.8329822921206335,0.01644902544045183,0.16359029665195002,0.09001966104620092,0.04311130022381365
new_preds,OFT-0044-00,slow,3.3509539151499013,1156,1.604679056029231,0.3470742730230652,0.21628890320404534,0.23232013901893048,0.23201894880996582,0.004500652879076208,0.7048163570600342,0.015691336335543933,0.2055399514510373,0.11061564389329061,0.04068730896163228
new_preds,OFT-0045-00,fast,5.005646178090028,1157,1.8449657577901712,0.43630649700149166,0.23648487521203793,0.26054926336874523,0.2614673389037296,0.0025773009558295377,0.8693514004486091,0.01446150256996301,0.15946010776847666,0.08696080516921983,0.029637501065155558
new_preds,OFT-0045-00,slow,3.46361675278552,1158,2.0043418913335214,0.3843558018324154,0.1917615969083484,0.21465963250768394,0.21796977985405414,0.001815129891569745,0.7518857670490252,0.013986150656595513,0.09565644249823678,0.05482129657741615,0.03310994093338345
new_preds,OFT-0045-00,medium,4.18941576070725,1159,1.87303931613232,0.3081592543727038,0.16452364438832423,0.18393102950187087,0.18336553679518033,0.0018470547625133883,0.6142582977419732,0.01052176102411409,0.10328526901688595,0.05690351502050002,0.03245941418290187
new_preds,OFT-0046-00,fast,4.923098611536744,1160,2.004379706927759,0.45022656095013697,0.2246213925405521,0.2452898617624034,0.24863006349096514,0.0025767993581294066,0.8445988800868688,0.01408656613459298,0.15002590878740968,0.08205623746100132,0.03140284563198594
new_preds,OFT-0046-00,slow,3.3055024435097455,1161,1.3748573697343878,0.42270564714420766,0.30745418139328246,0.32418621281642535,0.31903263514540803,0.007965711322674929,0.8170324921690846,0.015375720018052671,0.44706853493878046,0.23122212747841656,0.03445047154242835
new_preds,OFT-0046-00,medium,4.083493037623369,1162,1.9633894412122699,0.40052075906371976,0.20399455689056945,0.22507296491132028,0.22498604239778663,0.002868569657307376,0.7660423036809841,0.013316334021129044,0.13201412128943232,0.07266522765528069,0.0394765109787544
new_preds,OFT-0047-00,medium,4.598198263243896,1163,1.3841915461270633,0.4479822203736134,0.323641783268405,0.3364391351171915,0.33501078551734986,0.00816238179679433,0.8561589649594125,0.013525796640557128,0.4788902082294598,0.24620800243500848,0.033152382197442806
new_preds,OFT-0047-00,fast,5.51945629437526,1164,2.05450202683655,0.4275597296324211,0.2081086920565187,0.23070041559031235,0.23211514610573075,0.0017883952234057372,0.8191561615780023,0.01204583288571698,0.10916989732690087,0.060607865106308924,0.02950764261814554
new_preds,OFT-0047-00,slow,3.8204644822844043,1165,1.9604752258882854,0.43892410968778617,0.22388658825765625,0.24463771621271754,0.2532598550913193,0.002879635474912901,0.8393831564476905,0.014735342436373523,0.14606697938671323,0.08040116091154338,0.03581584447618921
new_preds,OFT-0048-00,fast,5.2906750709985575,1166,1.5403604881961221,0.4083286481787761,0.26508642055403514,0.28328076874991726,0.2831220933587931,0.0039728810407598895,0.8149944874149193,0.010691605567741739,0.30230782200509015,0.15649971378641594,0.025385867773419103
new_preds,OFT-0048-00,medium,4.292545520222496,1167,1.8784500711669985,0.40646584984683837,0.2163836324882029,0.2409841483254044,0.23966288732151042,0.002067300869723185,0.8100060874441267,0.011825505126206164,0.13667674519207323,0.0742511251591397,0.027842014047496456
new_preds,OFT-0048-00,slow,3.4666304026571995,1168,1.8203609763143447,0.4231795171955783,0.23247011043511984,0.25119447895536706,0.25471214795005337,0.003528607336658922,0.8043035987157039,0.01353775581050408,0.20386518325784178,0.10870146953417294,0.03246145016972028
new_preds,OFT-0049-00,medium,4.346679442185611,1169,1.605628418396745,0.3464223631534002,0.21575500233068276,0.231949148166454,0.23167550840688728,0.004684543066355606,0.6790538335322799,0.013785243347351674,0.2308300697881027,0.12230765656772719,0.03830130670324442
new_preds,OFT-0049-00,fast,5.454665967639017,1170,1.2716397713511949,0.3576832355352299,0.2812771695203978,0.28746477894304573,0.2916552081516524,0.007954391337274986,0.6959654549487105,0.012428899243050753,0.4469629655599707,0.22969593240151073,0.03463009228814132
new_preds,OFT-0049-00,slow,3.692917746259647,1171,1.1719052519723436,0.35624196316011536,0.30398529451126866,0.3094405455437454,0.3075670879261636,0.012187728341376143,0.6921382982393663,0.016172252745937324,0.5215712330428179,0.26887174289437765,0.04532915288968806
new_preds,OFT-0050-00,slow,3.480737748641125,1172,1.7990689068249701,0.4119147756687827,0.22895997707821958,0.2497762244241037,0.24913385550430717,0.003768026884087637,0.8103915671630674,0.017912652803324856,0.17524506075768026,0.09657885678050256,0.039015028855138925
new_preds,OFT-0050-00,medium,4.4069022717418,1173,1.5847273560975008,0.40921477756915553,0.258224088828046,0.27303586874475233,0.2771675651091774,0.0056801061298375945,0.8042468868561916,0.01532407557253306,0.28314063112417637,0.14923235334835472,0.038062162811159726
new_preds,OFT-0050-00,fast,5.6031437717429435,1174,1.579910329873134,0.36063732796581066,0.22826442814306408,0.24670076001958052,0.2446962835695862,0.00433199808607297,0.709165137411546,0.011902767334973075,0.25384425965103785,0.13287351349300547,0.03260241994203765
new_preds,OFT-0051-00,fast,4.9461600062430335,1175,2.111542021084144,0.4032797182116529,0.1909882513276218,0.2134137137153729,0.21514384448681112,0.0016964229293295711,0.7727746982323689,0.013243907546009927,0.08238371004479453,0.04781380879540223,0.03547976980015654
new_preds,OFT-0051-00,medium,4.062069571978765,1176,1.432058680984827,0.3955661879071903,0.2762220523220175,0.2904761055001758,0.2874668048651132,0.007355537960912878,0.7539761194671918,0.015004084933690945,0.38822453471886054,0.20161430982627573,0.03648321375229217
new_preds,OFT-0051-00,slow,3.4009518085880766,1177,1.7670105883442957,0.4090323161748002,0.23148266279381327,0.24877050103545245,0.25287737857521664,0.004137857669002061,0.7859194624967936,0.015376827219368488,0.20927133048058233,0.1123240788499754,0.03683856312348443
new_preds,OFT-0052-00,medium,3.856935565533101,1178,1.6914631803878835,0.39347398059008676,0.23262343818791018,0.25170748897122197,0.250830002283009,0.005452131041965198,0.7564678659603242,0.015984345916842755,0.23301468103359654,0.12449951347521965,0.043792388337729436
new_preds,OFT-0052-00,fast,4.611539239806475,1179,1.9233714245830718,0.42983244437014323,0.22347864737738724,0.24880317726445395,0.2492909613997652,0.002345193744102032,0.8548877890179049,0.016375558046245117,0.12348294719767464,0.06992925262195987,0.033536662500602374
new_preds,OFT-0052-00,slow,3.2834200621083935,1180,1.8171542618829064,0.30397032211133473,0.16727821544240581,0.18351286971009828,0.18789713372121533,0.0024675876167349836,0.6130072384097578,0.014079606362483146,0.10790448271511159,0.06099204453879737,0.04045753237810118
new_preds,OFT-0053-00,fast,4.672943880319303,1181,1.735134596343298,0.40996301337917185,0.2362715919809026,0.25526401618131406,0.257214303961974,0.0035712014873631724,0.8010037646885404,0.013271866953623007,0.21408524549321853,0.11367855622342077,0.03141490889754466
new_preds,OFT-0053-00,slow,3.245186793931282,1182,1.973477861315358,0.37253342178286103,0.1887700029908422,0.21073361224960202,0.21038946665625302,0.0020480084342814056,0.7290575638865446,0.014752600055379341,0.10110354898317295,0.057928074519276146,0.035354332959917564
new_preds,OFT-0053-00,medium,3.9306112533701105,1183,1.9230496521803846,0.4131321149492082,0.2148317462738377,0.23821187534002963,0.23860326323802533,0.002455596136923402,0.8088149418260913,0.014705719208602828,0.13250091226141864,0.07360331573501074,0.03336257493839172
new_preds,OFT-0054-00,fast,5.163875757382147,1184,1.992299455030164,0.46990560815585325,0.235860932938286,0.26114005098451604,0.26376681976466254,0.0022296162575649574,0.9094070144480241,0.015145563315063778,0.13368387534127482,0.0744147193281693,0.029962032749627637
new_preds,OFT-0054-00,slow,3.4356522013993294,1185,1.9462582621098754,0.30030050189062646,0.15429632733585955,0.172456046103233,0.17002195586885951,0.0016602001811470985,0.5884601698268339,0.011631903535229821,0.08843512307761102,0.05003351330642042,0.033181763011114744
new_preds,OFT-0054-00,medium,4.245041687217676,1186,1.9482739805278604,0.4452623472210176,0.22854195645541567,0.25197825137519025,0.2522222075092483,0.0027349967523528224,0.8550650290535402,0.015711628394563734,0.14901636700400678,0.08236399769928526,0.033206216657166415
new_preds,OFT-0055-00,fast,5.317599772504885,1187,1.7808648018987436,0.3936139345172187,0.22102404073433915,0.24186026774664163,0.24174519833438768,0.002833516089376068,0.7702767053606971,0.011693647320354208,0.185587241058369,0.0986404441893616,0.028725702856087335
new_preds,OFT-0055-00,slow,3.562635108453113,1188,2.112310130288782,0.37114257437387904,0.17570458478232018,0.19587352114860854,0.19813789497553577,0.0012936445000610803,0.7150901798333538,0.01301163411968666,0.07114187547195884,0.04207675479582275,0.030744873418553403
new_preds,OFT-0055-00,medium,4.369871013032991,1189,2.015393334892449,0.4426403226846493,0.21962974423961304,0.24322765401730076,0.241965756855666,0.0025440308773989396,0.8338139066590986,0.013782056966091999,0.1398842716783808,0.0768331643222364,0.03311110377713115
new_preds,OFT-0056-00,fast,5.607206715098431,1190,1.2711585024093288,0.3916851114798267,0.30813239319678426,0.31409137802989695,0.31688288438972323,0.008219128920431053,0.7515864572617098,0.012232352025413564,0.5022679937211041,0.25725017287325885,0.03194994517838643
new_preds,OFT-0056-00,slow,3.6509871347065768,1191,1.8317308775163093,0.32198187137123935,0.17578011886103204,0.19008830676219024,0.19113971596217738,0.003004417537852566,0.6144463343423371,0.012398303627394457,0.1463722961916477,0.07938529990952109,0.03784601861146626
new_preds,OFT-0056-00,medium,4.475659002131894,1192,1.3218022132848275,0.4110578717006699,0.3109828895498251,0.3103037817527834,0.32081843142847805,0.009253275311019769,0.7788125845005534,0.015063295611301068,0.4908398938518485,0.2529515947315748,0.036581209621702866
new_preds,OFT-0057-00,medium,4.2603874575969,1193,1.7634996607408724,0.3285604030409275,0.18631157711870178,0.2032056676117904,0.20487027892936183,0.0025380361165571823,0.6580742020039138,0.010643649378470628,0.14511483393697805,0.07787924165772434,0.03258937892220026
new_preds,OFT-0057-00,fast,5.411172027408187,1194,1.903074797719787,0.3942118424376234,0.20714469179559175,0.22983702835659856,0.23014179651365332,0.001961926604411136,0.7867724344128556,0.012310906874274809,0.1210670746118413,0.06668899074305805,0.029419047770120308
new_preds,OFT-0057-00,slow,3.4404877534569938,1195,1.9362201177212137,0.4041783557611798,0.20874607802178374,0.23396411793966249,0.2336479539417336,0.0018379592559377017,0.8133618933129666,0.014396758974026395,0.10310383941390248,0.05875029919396444,0.03128425354685717
new_preds,OFT-0058-00,slow,3.6563931551277347,1196,2.0634900304901405,0.39013508146984444,0.18906564883047955,0.2122459890691928,0.2125111011542572,0.0012941654052190973,0.7644697024885986,0.01276966808279703,0.0782637756649855,0.04551672187389127,0.02843274629497078
new_preds,OFT-0058-00,fast,5.65005621325308,1197,1.846063521203334,0.42222964269208013,0.22871891342983414,0.24957431543987774,0.2518690853811056,0.002609584601170491,0.8232492474098472,0.012430535535383726,0.1733416508040581,0.09288609316972092,0.028094459699174484
new_preds,OFT-0058-00,medium,4.511628128452733,1198,2.126405462500415,0.4351360021834465,0.20463453929984513,0.23270179882877218,0.23204912509890627,0.0009581564800878888,0.8581558753894845,0.01328563155450792,0.06138922521710111,0.03733742838580451,0.025662090869980073
new_preds,OFT-0059-00,fast,5.023918901824135,1199,1.134344385420458,0.2874812376147559,0.25343382601413206,0.25409153929535805,0.25498867290963395,0.008178463872341153,0.5450548047035506,0.009538742086004144,0.4679869991949445,0.23876287064047433,0.03425349950937793
new_preds,OFT-0059-00,medium,4.170780583218188,1200,1.9230338686407769,0.44754409118552524,0.23272813780542237,0.25560025339894077,0.25572616414197513,0.0036014248904759722,0.8571348897346887,0.016243576188156524,0.16134063709841992,0.08879210664328822,0.0405601919655344
new_preds,OFT-0059-00,slow,3.467771941608942,1201,2.050921122232822,0.4264339620902578,0.2079231412010631,0.23163318862499677,0.23278990342582656,0.0018131478161726535,0.8286225807190971,0.01616760711560474,0.09434463959797522,0.05525612335678998,0.03281351832203499
new_preds,OFT-0060-00,medium,4.461704936864984,1202,1.6208938636371686,0.403729398973785,0.24907824505414897,0.26504088222555605,0.2666846847876433,0.004739440043727193,0.7781329228733109,0.013286912393541963,0.27747928186583365,0.1453830971296878,0.03259966349113758
new_preds,OFT-0060-00,slow,3.6314310052810748,1203,1.9305070448401433,0.39419044783482304,0.2041901110324434,0.22760538318353796,0.22793515847961987,0.0018855218042949822,0.7889168253897781,0.013896067407291874,0.10706219792959874,0.06047913266844531,0.031176402853388536
new_preds,OFT-0060-00,fast,5.528083164320571,1204,1.748744863614919,0.39040304989204017,0.22324757488351862,0.2433558083044092,0.24282222093929584,0.0032073493953180166,0.7702402924637566,0.01292906452516707,0.19019133065409363,0.10156019758963035,0.031580771517182415
new_preds,OFT-0061-00,slow,3.6097566385112674,1205,2.0075403392098305,0.3326448515561471,0.1656977172807777,0.1814926195986762,0.18508566084975164,0.0017451952819798704,0.6396380836591725,0.012054435980356222,0.09282672133928703,0.05244057865982163,0.0332794817788116
new_preds,OFT-0061-00,medium,4.586178772354326,1206,1.8026560522342148,0.38481436105540406,0.21347076197839546,0.23058999884693915,0.2317711677491748,0.0035148470697807703,0.7271428818482989,0.012601040322964543,0.19629607821104206,0.1044485592670033,0.03365146531888217
new_preds,OFT-0061-00,fast,5.692426526342236,1207,1.435721827791093,0.43872453417284396,0.30557767227641625,0.3023561087176975,0.3139979476879514,0.012392676776086726,0.7650082497002293,0.0156787408549301,0.49580445272263274,0.25574159678878144,0.04845780636273228
new_preds,OFT-0062-00,medium,4.375896226077964,1208,1.351155460882826,0.43030760945921553,0.3184737966259327,0.32968411784406304,0.3312990264471629,0.008484004501448374,0.8335544685178425,0.014979452572253143,0.47279416732882856,0.24388680995054085,0.034786647556581236
new_preds,OFT-0062-00,fast,5.826138086422679,1209,1.885928790174615,0.35193002548713914,0.1866083318313172,0.2056883106564104,0.2070648089891551,0.0018885085091633628,0.6973956253496969,0.011013193208457442,0.11879684708586193,0.06490502014715968,0.029096493690034024
new_preds,OFT-0062-00,slow,3.5174816946748715,1210,2.1787974456495465,0.4264446806970887,0.19572479376115495,0.21903534472199546,0.2208976667333858,0.0014425911531099902,0.8061839047947114,0.015509309962105087,0.07512331260266036,0.045316311282382726,0.03183381683740034
new_preds,OFT-0063-00,slow,3.7635613908502945,1211,2.1827295968349203,0.41522800692871636,0.19023336996521242,0.21388794505931485,0.21492060647791722,0.0014509314661054528,0.7910475421615055,0.013294425811633941,0.06763789890335666,0.0404661623574953,0.035855425411663866
new_preds,OFT-0063-00,medium,4.823458456606477,1212,1.9703513832807058,0.4279311615122872,0.21718520114913029,0.23886362087147323,0.24135555500010084,0.0024460897916524452,0.8178561163233592,0.01311741094979247,0.1406941677132953,0.07690578933154388,0.03180631540113653
new_preds,OFT-0063-00,fast,6.2045986266391875,1213,2.134725037113057,0.443676399386466,0.2078377269545129,0.21067184406720119,0.23871911307248855,0.008791093744274378,0.7514748047398585,0.01823419928718019,0.17077014626271533,0.09450217277494777,0.09302530816100844
new_preds,OFT-0064-00,fast,4.873971615111879,1214,1.4359241448887494,0.42477964081035485,0.29582317584280565,0.30984915462002227,0.3109510203273314,0.0060484171355894185,0.8321904781981418,0.012695078161754542,0.39683696235951155,0.20476602026063304,0.029538187673378576
new_preds,OFT-0064-00,medium,3.9403526875262793,1215,2.018577688320578,0.4002960846543999,0.1983060087161864,0.22331380301582082,0.2231438846378711,0.0015000926612090313,0.7929721033645765,0.013582663614492181,0.08616421319357494,0.04987343840403356,0.030077987586428566
new_preds,OFT-0064-00,slow,3.161211000700273,1216,1.9230403755054555,0.3497060396888849,0.18185059666101266,0.202233483785771,0.20282736835768006,0.0016250621179575168,0.7023547703731142,0.011888026454182493,0.09546224921273251,0.0536751378334575,0.030275881600895702
new_preds,OFT-0065-00,fast,5.62113458297616,1217,1.9443338472162255,0.42365685581907125,0.21789306215372242,0.24214479162986602,0.24343099956829878,0.0018753803973681148,0.8403668491071565,0.013111951559667193,0.11909996438337209,0.06610595797151964,0.028369309740221647
new_preds,OFT-0065-00,medium,4.4329100471389635,1218,1.8144677671214982,0.41232555361571954,0.22724325065847803,0.2449843746719123,0.24938295623467285,0.003147848493617801,0.8027876487017459,0.013849905265238717,0.18172875165193034,0.09778932845858453,0.032190102368388485
new_preds,OFT-0065-00,slow,3.5198882775463503,1219,1.539210315027912,0.3945073830486144,0.2563050540896748,0.2716606083012512,0.27401592098692373,0.005816992548873851,0.7826602203638772,0.015648044954630385,0.2901961229707877,0.15292208396270904,0.038038930664143704
new_preds,OFT-0066-00,medium,4.496535675003131,1220,2.031386512613917,0.4451187381243789,0.21912065250035342,0.2472262779927696,0.24706871267965713,0.0015825163707853345,0.8850438851403631,0.01611572572527229,0.08673952557700565,0.05142762565113897,0.03077171754963738
new_preds,OFT-0066-00,fast,5.32297986780894,1221,1.7234749066866182,0.4054537445454913,0.2352536395931499,0.2533571405855806,0.25458116589558094,0.0037950472382647805,0.784366464408935,0.013201673180401614,0.2247514260211691,0.11897654960078535,0.031897439041548147
new_preds,OFT-0066-00,slow,3.6972691335811647,1222,2.080320037171573,0.4433815599939389,0.21313141827772117,0.23970254323876644,0.2370435165395366,0.0026325116731752696,0.8305694598933006,0.018850271403177354,0.11559850099934038,0.06722438620125887,0.03916007005692783
new_preds,OFT-0067-00,medium,3.9913922221482006,1223,1.5594946819802673,0.36486547981792644,0.2339639141023651,0.2460317071252606,0.24974318213075433,0.004939764886318684,0.710263849791013,0.012054948830173922,0.2740478757597357,0.14305141229495483,0.03453139544077679
new_preds,OFT-0067-00,fast,4.8032104202413795,1224,2.0159265448773684,0.4245671108587308,0.21060643897843895,0.2335387051191783,0.2356848057723335,0.0018596655102679817,0.8251469059159113,0.014127019806946233,0.10827250062077645,0.061199760213861344,0.03038681040202474
new_preds,OFT-0067-00,slow,3.2715009061744063,1225,1.934830704692144,0.43102762260937766,0.22277278397747963,0.24464587706615112,0.24551417317694263,0.002957893558286934,0.8217944117256621,0.015578292531349179,0.15488795741056913,0.08523312497095915,0.03470356811738107
new_preds,OFT-0068-00,fast,5.094644923707484,1226,1.7881834332667648,0.46003857979479146,0.25726587733472306,0.28013229715258176,0.28003266416287975,0.0037705494262517967,0.8925612599047091,0.01517838090267993,0.21893967033528577,0.11705902561898285,0.0322106681335672
new_preds,OFT-0068-00,medium,4.252776012332155,1227,1.9944325270698136,0.43511375885250786,0.2181641910402302,0.24283106876912597,0.2449589888578438,0.0020502908727263944,0.855083815921173,0.015816288516725632,0.10818115275643475,0.06199872063658019,0.03306989001829001
new_preds,OFT-0068-00,slow,3.5419243326268774,1228,2.195062646860786,0.458699357467566,0.20896868621201473,0.23587180142473596,0.23607854612184365,0.0012656314395568405,0.8726686074994563,0.01539486120611062,0.07141098033071068,0.04340292076841065,0.029160052299475374
new_preds,OFT-0069-00,fast,4.474887356231137,1229,2.17286883988562,0.4133185892322765,0.19021791911472835,0.21502253216321832,0.21730845082570793,0.0008477922299654358,0.8067634246534188,0.013193971658928364,0.05161682297537491,0.03240539731715164,0.026162068672329265
new_preds,OFT-0069-00,slow,3.1131453205153945,1230,2.200508046560821,0.3807430290743091,0.17302505649519132,0.19313072026956762,0.19611068963354622,0.0010573512177320422,0.7242818115519338,0.013373701375376974,0.0572463481252811,0.03531002475032904,0.029944788348589
new_preds,OFT-0069-00,medium,3.7450318820017245,1231,2.1347856136126215,0.39413675459585173,0.1846259184447417,0.2079425301461822,0.21142894667839057,0.0008701318750397488,0.7824569489187627,0.014613676075614137,0.04531833498510511,0.029966005530359625,0.029037299421111943
new_preds,OFT-0070-00,fast,5.020569384917193,1232,1.9147080996216352,0.3703279205483287,0.19341220764747852,0.21472560209958116,0.21566664924301138,0.0018478625728645555,0.7342404639616038,0.011141007683419238,0.11487735282245157,0.0630091802529354,0.029326878487337078
new_preds,OFT-0070-00,medium,4.323730841263095,1233,2.0460210321329244,0.44086542282406055,0.21547453124881596,0.24148209677740523,0.24260123873057932,0.0015527871047708872,0.8646412710843517,0.014251734671835489,0.09414777792192813,0.05419975629688181,0.028649337393058007
new_preds,OFT-0070-00,slow,3.5887781144319963,1234,2.0988657533434982,0.4421779505487197,0.21067471792530285,0.23753916185991325,0.23624330814854272,0.0018004289505285582,0.8532187411964399,0.016035809360165916,0.08739550850578565,0.05171565893297578,0.034814000008429546
new_preds,OFT-0071-00,medium,4.976834569753426,1235,1.818842652402257,0.4336179683931403,0.2384032328582324,0.2591470367611285,0.2602954279862001,0.00311995927636534,0.8386111819197887,0.013292113343785536,0.19619704466044388,0.1047445790021147,0.029786355590797217
new_preds,OFT-0071-00,slow,3.930849575961756,1236,1.418044589317587,0.44354685888926854,0.312787667066745,0.32452877483281756,0.3261712280989676,0.007974123947233454,0.8440670503089429,0.014572489824691795,0.44991660009737366,0.23224454496103272,0.03433503227630771
new_preds,OFT-0071-00,fast,5.958134396111612,1237,1.9463937421649988,0.37911012097337377,0.19477565754588005,0.21995596767868117,0.21332234431930963,0.0035596494623689476,0.7028659093552059,0.013172757636067242,0.15167154544362507,0.08242215153984615,0.043188019189817815
new_preds,OFT-0072-00,medium,3.708420407087439,1238,2.032667281659965,0.37027328116896413,0.18216128360495024,0.20507110255941796,0.20697158898059026,0.0010601150198230498,0.7425986271854331,0.011440895143639307,0.06760149585291221,0.039521195498275756,0.026823961331567028
new_preds,OFT-0072-00,slow,3.1350731691858895,1239,2.092550758908102,0.439623257065869,0.21008965024832446,0.24118436747022498,0.2387120975810984,0.001036048074310956,0.8749092533657654,0.013869580497823263,0.06531052246417067,0.039590051480996966,0.02616940457398127
new_preds,OFT-0072-00,fast,4.275731493841988,1240,1.8482258362421582,0.4217778655970232,0.22820688756012011,0.2510224162294476,0.2521366607156399,0.002775834846788125,0.8214723025694219,0.01302318257131879,0.17234171927140327,0.09268245092136103,0.029949950818017945
new_preds,OFT-0073-00,fast,4.948897438835053,1241,1.8092519316216304,0.3770257604691622,0.2083876512052329,0.22897863759923734,0.23040061047414867,0.0025831588923817964,0.7635732778456239,0.013175150041537938,0.13853807267335289,0.07585661135744541,0.03405318068071408
new_preds,OFT-0073-00,slow,3.266946903912849,1242,1.6922022063062025,0.405769984822263,0.23978811947538572,0.2579439133411043,0.25919634637950695,0.004664672762831357,0.8010409947297933,0.015627222607747005,0.22081052047460986,0.11821887154117844,0.039457936808393074
new_preds,OFT-0073-00,medium,3.993458234362116,1243,1.8856153853880544,0.28578825778874684,0.1515623281414478,0.16533672511884684,0.1690845853865883,0.0021379801995810317,0.5593621530604411,0.01024729229108024,0.10161485183833809,0.05593107206470916,0.038225267649214856
new_preds,OFT-0074-00,medium,3.833305430761902,1244,1.8866426381667245,0.4256716666196922,0.225623898245681,0.24970492553543397,0.2503468616728355,0.002749511000705899,0.8394763038537415,0.015418898004455178,0.14487476431082696,0.08014683115764107,0.034305922779378224
new_preds,OFT-0074-00,slow,3.223878698720467,1245,2.0524705202322266,0.39100032489613656,0.1905022854369167,0.21331978094264822,0.2142835088161249,0.001538851031607738,0.7680348962560821,0.015249052255005146,0.0774353619345815,0.04634220709479332,0.033206252530441786
new_preds,OFT-0074-00,fast,4.425570495639272,1246,1.8414082997530377,0.4517815386516221,0.2453456621826964,0.2695486777231805,0.2688943200572864,0.0031842069540130263,0.8847932381213028,0.015261992911321982,0.1813611489786107,0.09831157094496634,0.03238893370746265
new_preds,OFT-0075-00,fast,4.754898914219381,1247,1.45563842186933,0.4150243624556939,0.28511500948341273,0.2977234534424803,0.2995799030523667,0.006616377553422661,0.8035411891803687,0.014026941535379155,0.38123020615062114,0.19762857384300014,0.0334788508805353
new_preds,OFT-0075-00,slow,3.298956638078699,1248,1.8847768203020696,0.4184080559321688,0.2219934219400636,0.24564264932894242,0.24372664361128366,0.003087311446805884,0.8127358209416786,0.016169849309863326,0.1541880230579593,0.08517893618391131,0.03624501062257947
new_preds,OFT-0075-00,medium,4.009329097242754,1249,1.636255971872169,0.38809013085095123,0.2371817964440532,0.2541029742549356,0.25362727533274754,0.004877527498875043,0.7580231137696268,0.014871889473223831,0.24640882223793628,0.13064035585558006,0.03733553439082054
new_preds,OFT-0076-00,fast,4.730009016473699,1250,1.6760394427303449,0.44187726275736133,0.26364371356173044,0.2830339315609801,0.28291725045342797,0.004431015381517671,0.8597788550496581,0.013527578695051121,0.2659541797185102,0.13974087920678066,0.03170879850384299
new_preds,OFT-0076-00,slow,3.199232847363414,1251,2.21703506116629,0.37884858364632595,0.17088073629608252,0.18978112767213517,0.19590998115249875,0.0013559577129986808,0.700620427325458,0.012637635873592484,0.07289284794740271,0.042765241910497596,0.03170700439007299
new_preds,OFT-0076-00,medium,3.923020107388118,1252,2.1365414306183075,0.4344737508608015,0.20335376821364345,0.22878150665588257,0.22954924280241173,0.0011944025284179192,0.840807142917301,0.013680144158340188,0.07329337457409352,0.043486759366216855,0.02746588952189901
new_preds,OFT-0077-00,slow,3.268702739452551,1253,2.0858106217608254,0.44375176745438594,0.21274787021641212,0.23932627456895594,0.23632725504502125,0.0018090026461274101,0.8500679880345727,0.015522806192485111,0.09909363261145028,0.057308219401967696,0.031566198793210064
new_preds,OFT-0077-00,fast,4.753334378806735,1254,1.5522285282007733,0.41924313545402264,0.27009111599049,0.2834538828072001,0.28543909814084956,0.005669007402802148,0.7970863164479368,0.0134892940722311,0.3386958557707561,0.1760925749214936,0.0321933358367298
new_preds,OFT-0077-00,medium,3.971805684814011,1255,2.0244594133612117,0.40478461228390905,0.19994701282346025,0.22130448237389072,0.2218545080405619,0.002657349009849073,0.7596304311540981,0.013794180193673554,0.1261248906664448,0.06995953543005919,0.03798408599362
new_preds,OFT-0078-00,slow,3.2006899084200686,1256,1.6242261669503244,0.46377442567579624,0.2855356200464294,0.3065608274671138,0.30676483530542076,0.00602434664022995,0.9131642698306031,0.01859046375417187,0.2934828027753962,0.15603663326478404,0.038608540277891186
new_preds,OFT-0078-00,fast,4.640435985929797,1257,2.535980304735273,0.4164841483285327,0.1642300405688714,0.199333427737549,0.18626407447086574,0.011448418589625633,0.6402257070574819,0.01802740969603727,0.11334568081217139,0.06568654525410433,0.17428863925387056
new_preds,OFT-0078-00,medium,3.8539270655305438,1258,1.9423175671955433,0.3927566999790009,0.20221034222848072,0.22172598871576016,0.2243269229938721,0.0025156938355333815,0.7542769748881241,0.01387710922973115,0.13344476983579442,0.07366093953276279,0.03415234521159556
new_preds,OFT-0079-00,fast,5.008595620657696,1259,1.4033531132241546,0.4777781467213252,0.34045468828842845,0.34961554533181977,0.35822726025328966,0.008194139104726496,0.9062280457738187,0.015123767493305108,0.5009345299983122,0.2580291487458087,0.03175664123435434
new_preds,OFT-0079-00,medium,4.027836858696186,1260,1.6483256542905609,0.39595261562024653,0.24021504160272533,0.25852820057206727,0.2573879516715254,0.004894662551654645,0.769317222120259,0.014945724978974246,0.24957134376877393,0.13225853437387408,0.03700829269601766
new_preds,OFT-0079-00,slow,3.258882934019777,1261,2.2328714907668092,0.40311844052339757,0.18053812867885166,0.1990532475328512,0.20227779017057468,0.001554933882104366,0.7380177770609135,0.014461719706902229,0.07940823998775934,0.046934979847330784,0.03312953126137958
new_preds,OFT-0080-00,medium,4.49823011390263,1262,2.0480555738135338,0.39941306148927613,0.1950206169188849,0.22117143047176682,0.21999083396130198,0.0012270606377730712,0.7952720892429159,0.013365585801534166,0.07241395427851206,0.04288977004002312,0.02860963434003084
new_preds,OFT-0080-00,fast,5.363736414258669,1263,1.8334402387257938,0.4316347752082242,0.23542342209539494,0.25905334391697526,0.2578492931275668,0.0029654228579657667,0.8395202904905239,0.01349808507321373,0.18381556651629072,0.09865682579475223,0.03005795933608381
new_preds,OFT-0080-00,slow,3.6918006244923864,1264,1.1185405551565406,0.2849781515059971,0.2547767715638296,0.2579931081697482,0.2574471428620412,0.007703313323664832,0.5589267163120484,0.009464357250539963,0.4581133893401488,0.23378887329534437,0.03294987145916595
new_preds,OFT-0081-00,fast,4.134031607581048,1265,2.024514202205816,0.4322294800031567,0.21349787496290204,0.23936464413782255,0.2407405945738884,0.0015825322361300305,0.8538945526140044,0.014502578383112027,0.09337763913848926,0.053940108760800645,0.02933869197683354
new_preds,OFT-0081-00,medium,3.514946732779816,1266,1.7595809027338514,0.4362701712265456,0.24793981939035312,0.27090116620282145,0.2705951141184606,0.003874586798626624,0.8574386155985846,0.016029670949084418,0.20858158013321335,0.11230562554114888,0.034500380367918186
new_preds,OFT-0081-00,slow,3.056286522583593,1267,2.0289445795865673,0.3990644841591411,0.19668574892294863,0.22019370141418987,0.2223708132396503,0.0014261148486561803,0.7948012846528102,0.01469774828091513,0.0770072155275092,0.04585248190421217,0.031102238950454116
new_preds,OFT-0082-00,fast,5.310943954583404,1268,1.8546739248278388,0.3864777948660814,0.20838045420946782,0.22881072911221084,0.22951350279653654,0.0024444999844806846,0.7585153138796963,0.012382324487421584,0.14922834881457941,0.0808053366510005,0.030251714624227332
new_preds,OFT-0082-00,medium,4.403419476211628,1269,1.8827982515341473,0.3443732112492599,0.18290499843446142,0.20370888865817433,0.2038191539826022,0.0018893981135398336,0.6919178030470989,0.01158378443466121,0.10696311454994493,0.05927344949230307,0.0318759601427479
new_preds,OFT-0082-00,slow,3.5224771324588366,1270,2.024761610818885,0.36634519737052673,0.18093250850521797,0.20432098945669958,0.20325076176926576,0.0014158118593130549,0.7270955392471856,0.013856359961868157,0.07406866738515945,0.0439625136735138,0.03220497967490067
new_preds,OFT-0083-00,fast,6.201615556908841,1271,1.8230311314785914,0.3506927274881219,0.19236793131650382,0.19542448714318728,0.20766778879552594,0.008309142489652623,0.5926565348338786,0.011803996632152305,0.23586444939614065,0.12383422301414648,0.0670989189208496
new_preds,OFT-0083-00,medium,5.052292243161588,1272,1.3218107269224515,0.399292833977205,0.3020801888231543,0.31724841155762584,0.3140095755226383,0.006737015198051228,0.7886269198129159,0.012058838808849238,0.44950430404982583,0.23078157142933753,0.029192171438671477
new_preds,OFT-0083-00,slow,3.998846817847385,1273,1.2263850912429968,0.3046988631429193,0.24845284349803468,0.26120324782861365,0.2518164199661854,0.0071477337300174465,0.5991513224145949,0.010978255266002018,0.4046570724039667,0.20781766383498435,0.034394255031627324
new_preds,OFT-0084-00,fast,4.769176364983985,1274,1.669076547549017,0.4434062188566454,0.2656596065098228,0.28562291529642225,0.28466376320653075,0.004508486587324418,0.8602278058328515,0.013793464143739182,0.27298197564878696,0.14338771989626306,0.03144262695986923
new_preds,OFT-0084-00,slow,3.226846077527961,1275,2.1451645365072403,0.35908894192091123,0.16739459179461372,0.18871645341933418,0.18908541183547004,0.0016498725148465785,0.6836946959819709,0.011779195337029631,0.06830177840775659,0.04004048687239311,0.041205106224223347
new_preds,OFT-0084-00,medium,3.914888303499826,1276,2.1133311054212642,0.4643252393002165,0.2197124899686079,0.24721751478819204,0.24693399630385454,0.0015249764156097807,0.8928861653026542,0.014814940662705549,0.09193025215926662,0.05337259641098609,0.028572273379150862
new_preds,OFT-0085-00,medium,3.93386176372536,1277,1.693521479947123,0.4366429567977492,0.2578313661609905,0.27729367683917794,0.28122063771699835,0.004332769155804039,0.8465123877601208,0.013658015561476234,0.2562280874849402,0.1349430515232082,0.03210813085147157
new_preds,OFT-0085-00,fast,4.724957510767491,1278,1.7412361440498132,0.41348730081616253,0.23746767618461145,0.25671663307829956,0.2534127370383326,0.003843515765831531,0.7807149884766598,0.012650473513907492,0.24067153929782262,0.12666100640586506,0.03034490152016948
new_preds,OFT-0085-00,slow,3.226963216024325,1279,1.9998656718799124,0.4051902676091825,0.20260874183029293,0.22727312110757902,0.22882339700642876,0.0015139457635283404,0.8112569588592063,0.014571763081444568,0.08438306250643743,0.049477412793940995,0.030598725318025082
new_preds,OFT-0086-00,fast,4.4886474552486435,1280,1.8112529002453077,0.3677741569126767,0.2030495889684246,0.22015436964529728,0.22819098873387808,0.00965114212279571,0.6663856117540947,0.02344322645596895,0.195080659512965,0.10926194298446697,0.08833031757606351
new_preds,OFT-0086-00,slow,3.0911979127811686,1281,1.9100434320458217,0.42996424491490454,0.22510705133776757,0.2496497408164015,0.24954131682542177,0.0025672673827522277,0.8524316788710504,0.016700176805389735,0.1311576790804466,0.07392892794291817,0.03472615462156384
new_preds,OFT-0086-00,medium,3.7315750953785956,1282,1.8590815743962472,0.4052816673315569,0.21800101346449827,0.23903426554288326,0.2408789676743493,0.0029681026092610915,0.7945468689879776,0.015475828493249456,0.1526535807010341,0.08406470459714178,0.03530735786778709
new_preds,OFT-0087-00,medium,4.013841051511826,1283,2.1293888385811828,0.4326122597444351,0.20316264080386828,0.22688856495216997,0.22743888607672286,0.0022136830192987468,0.8173515305984435,0.014372078596448744,0.0934380804715654,0.053905079534007076,0.04106631579872174
new_preds,OFT-0087-00,fast,4.85278263242607,1284,1.7569320463581695,0.41130723519589957,0.23410537479151322,0.25659191605126014,0.25761843276840146,0.0029013112307239397,0.8291867026499522,0.013722609820276592,0.17921180566729356,0.09646720774378507,0.030075621535867014
new_preds,OFT-0087-00,slow,3.3059559942075536,1285,1.5014028861104218,0.30895983399914473,0.20578076468172052,0.21072186115455863,0.21398078065679485,0.005190456961417509,0.5965095111089669,0.012719191370243082,0.2602934339449669,0.136506312657605,0.03802356726488239
new_preds,OFT-0088-00,fast,4.5317430250560236,1286,1.3128279353228571,0.4320415890427998,0.32909231851206,0.34093178505746824,0.34076232861068784,0.008109521042635721,0.8457486262577619,0.013724945212736678,0.5002608168004754,0.25699288100660606,0.03155543068302839
new_preds,OFT-0088-00,medium,3.8371658361195022,1287,1.6890644691959948,0.44572717558499086,0.26388997206078213,0.28567938667492254,0.2860665239109365,0.004271631208074515,0.8764484983319009,0.014658123258291206,0.2511002372069663,0.13287918023262874,0.03214673059087407
new_preds,OFT-0088-00,slow,3.117275434833845,1288,1.395309721373961,0.4040741610345098,0.2895946002846007,0.2982988694936789,0.30376344971822256,0.007421728812210375,0.7833261956032294,0.01349131341597299,0.4113789436819446,0.2124351285489588,0.0349364479542748
new_preds,OFT-0089-00,fast,4.520536174098293,1289,1.4150448085849032,0.3805823347188914,0.26895426378722787,0.28062364373698506,0.28138258433632213,0.006645244379840139,0.7261730627046734,0.012444351909085641,0.38636843162114415,0.1994063917651149,0.033325132263903136
new_preds,OFT-0089-00,medium,3.7717226991093784,1290,1.5293694650757572,0.32506009190630136,0.21254516931930476,0.22644825428841708,0.2264498809799791,0.004470423287128417,0.6526705080743544,0.012363087352217767,0.2369341198570168,0.12464860360461728,0.035864206720746784
new_preds,OFT-0089-00,slow,3.2085351091988925,1291,1.6649361316206557,0.37017176371788374,0.22233391220692472,0.23187947411223053,0.23980573743899822,0.0047884499035252635,0.7184155531852228,0.013550488409555056,0.22650008308487515,0.1200252857472151,0.03989534266646283
new_preds,OFT-0090-00,fast,4.724534137489423,1292,1.6994607992578081,0.42674732348510774,0.25110748283895556,0.2702623389487874,0.27181320220524713,0.004236433315007681,0.8335769035191394,0.014719659614082361,0.2397168552306689,0.12721825742237564,0.0333005136278699
new_preds,OFT-0090-00,slow,3.1468146669946337,1293,1.9879465826629592,0.33032333228207567,0.1661630826315213,0.18503879657775624,0.18778750580150405,0.0015633037539322773,0.6496436351859591,0.012508760467322114,0.08301675594414866,0.04776275820573539,0.032730600422999745
new_preds,OFT-0090-00,medium,3.908373162614649,1294,1.9124637377231288,0.41306626384491507,0.21598645542774494,0.24043269826738656,0.23788011790275776,0.002468812925096399,0.8119832854432176,0.015070881344020834,0.13296274620723011,0.07401681377562547,0.03335475818481402
new_preds,OFT-0091-00,fast,4.809563130650833,1295,1.2054677537399463,0.3612302016152602,0.299659779778056,0.3039432418325288,0.30740275909061043,0.00844481160686043,0.7115109592450324,0.01212169633309647,0.4973468628458371,0.2547342795894668,0.03315145343010058
new_preds,OFT-0091-00,slow,3.367830792794472,1296,1.893973703392141,0.4215985132574623,0.222599982514209,0.2426591191691555,0.24625553927408544,0.0032757133756484732,0.8101243678988534,0.01701131078669462,0.15948780336726587,0.08824955707698025,0.03711875146060011
new_preds,OFT-0091-00,medium,3.9222323587692918,1297,2.0326362448921325,0.4086247220123424,0.20103189788098422,0.22197081022756598,0.22662115700396837,0.001849655473674471,0.7916788323863477,0.014576924837531051,0.09981859089206283,0.05719775786479694,0.03233790174164963
new_preds,OFT-0092-00,medium,4.1662936971016125,1298,1.9146042489705457,0.3954232750960897,0.20653003110627324,0.22775920296323132,0.2301396399340801,0.0021549050274076147,0.7833984962447802,0.01384830768494669,0.1211650374628667,0.0675066725739067,0.03192136340372001
new_preds,OFT-0092-00,fast,5.107740118187384,1299,1.9000050556789558,0.40463472371534515,0.2129650773854132,0.21918108345190557,0.22665877493831987,0.0141047235157887,0.6922355528637013,0.022318988136639916,0.21903586819048868,0.12067742816356429,0.11687955013982713
new_preds,OFT-0092-00,slow,3.3810130592117855,1300,1.9918715261081295,0.43304755906064335,0.21740737461454893,0.24374668671298594,0.2435712723771789,0.0017790472221700842,0.8597977644482355,0.015159018860344065,0.1007137601504931,0.05793638950541859,0.03070690523446747
new_preds,OFT-0093-00,fast,4.030861321763955,1301,2.0657658942228774,0.3061506681718852,0.14820201506282316,0.16740601203980593,0.16733429221714344,0.0008749026039938357,0.6069130064777157,0.009775784862999886,0.05421869286111436,0.031997238862057124,0.027343065686561797
new_preds,OFT-0093-00,medium,3.5220940741703375,1302,1.881223528592386,0.37766187451216654,0.2007533229157248,0.22521307391647305,0.22315451540481035,0.001871823525790938,0.7710776502680352,0.013980428474779384,0.10453766519251498,0.05925904683364718,0.031587135227563595
new_preds,OFT-0093-00,slow,3.059042237891343,1303,1.9923898227374608,0.4017550825249637,0.2016448176657362,0.22697458173980095,0.22808805384092276,0.0015889423387566905,0.8044573713251617,0.014868316808110774,0.08571977262052922,0.05029404471432,0.03159305137978449
new_preds,OFT-0094-00,fast,5.115404504604591,1304,1.8197035794937124,0.4028223249815991,0.22136700148365618,0.24208646080552387,0.23621244491955648,0.010209070093672815,0.6853551088531442,0.013859484979034428,0.2667720037577445,0.14031574436838948,0.07275783725929995
new_preds,OFT-0094-00,slow,3.4113920423569692,1305,1.9463943051036061,0.3878648766667304,0.19927353653353627,0.22284925235225428,0.22469525015607328,0.001588465695498539,0.7830750884568668,0.013023354570481434,0.0937029074778954,0.05336313102418842,0.029767100711885135
new_preds,OFT-0094-00,medium,4.253961387670213,1306,1.9772168511283579,0.4230789239823136,0.21397699687865343,0.23965245045937478,0.24072581802876408,0.0016493854348344564,0.8454497194754295,0.014032867831222134,0.09932697832495785,0.05667992307808999,0.02909999423538451
new_preds,OFT-0095-00,slow,3.7705525067692873,1307,1.068651775958545,0.2823004294525091,0.26416503093282656,0.2703463442247976,0.2649229419833564,0.008750871597141816,0.5768755319800495,0.010231009265146307,0.46987041014881004,0.24005070970697817,0.03645426255070735
new_preds,OFT-0095-00,medium,4.744431805175084,1308,1.2894729619022132,0.2592245628147918,0.20103140622071455,0.20638262854143583,0.20727310208176944,0.005086349765798141,0.5056325328724101,0.007895284845398743,0.31460803569628965,0.1612516602708442,0.031542929587546086
new_preds,OFT-0095-00,fast,5.767788595144425,1309,1.4968038271606152,0.32565117214541495,0.2175643636368594,0.2314819723497466,0.2321877062908157,0.004013483903194111,0.6493613135038573,0.009472262571054166,0.26145379882360975,0.13546303069733195,0.029627890964299526
new_preds,OFT-0096-00,slow,3.1024308422427156,1310,2.012300705578536,0.3380804367773273,0.1680069165806555,0.18605833700095203,0.18952439218841133,0.0018035068978076623,0.6475375470140944,0.012461174260092335,0.09526219824896336,0.05386168625452785,0.03348404075737699
new_preds,OFT-0096-00,fast,4.557228175695907,1311,1.432882121122274,0.43209978407814087,0.3015598964552004,0.31552388115925756,0.317050167905093,0.006815204887861525,0.8427067702142627,0.014027690458488094,0.40795986407166024,0.21099377726507418,0.03230050182617232
new_preds,OFT-0096-00,medium,3.773684252000377,1312,1.9125033601824697,0.3771739410659564,0.1972147860853801,0.21889914797818993,0.2194139647185928,0.001933982935849215,0.748353389970406,0.012756078732919555,0.11579527019263348,0.06427567446277652,0.030088878133347756
new_preds,OFT-0097-00,fast,4.252264994757043,1313,1.7269001495591865,0.4207938995466603,0.24367008113009508,0.2644267416628423,0.26461450637565,0.0038107314941853063,0.8311825702259666,0.014885392831316726,0.21336353917719464,0.11412446600425569,0.0333910127039999
new_preds,OFT-0097-00,medium,3.6150065953557955,1314,2.107853627854539,0.3829405885895535,0.18167323552694992,0.20358195094231268,0.20562269663853733,0.0013213215590762463,0.7392213213241229,0.013299937894100595,0.07348403786180172,0.043391987877951156,0.030450818773104692
new_preds,OFT-0097-00,slow,3.0636416834456255,1315,1.3655753978738354,0.38703718697787387,0.2834242529416395,0.2959581035451205,0.29494350140238323,0.008027807482692408,0.763371374379139,0.01516972781024813,0.39893456911259567,0.2070521484614219,0.03877191104920196
new_preds,OFT-0098-00,medium,4.027559507704413,1316,1.9886778069236635,0.40842809328971696,0.20537670399285282,0.23138613685122306,0.23015385389965898,0.001631613888313277,0.8153738000206449,0.01420520573944513,0.09182189097143992,0.05301354835544252,0.030777300122861343
new_preds,OFT-0098-00,fast,4.936141323317964,1317,3.164097732892356,0.3608824839157405,0.11405541622946382,0.1287622725413825,0.1271503146011961,0.001937947829065136,0.5050938892975742,0.009420864415965608,0.06318249721838874,0.036301680817177176,0.05338452064589088
new_preds,OFT-0098-00,slow,3.1320985029536668,1318,1.723083172311512,0.35844564649810096,0.20802573680598768,0.2270686744045872,0.23229868580070728,0.0030841449698416185,0.7243935618682591,0.013550352313127872,0.16628484291877882,0.08991759761595335,0.03429968161531958
new_preds,OFT-0099-00,fast,4.882151084635494,1319,1.7783039934416356,0.4143446442248051,0.2329998952670091,0.252493288098725,0.25273623625250746,0.0035469548676053736,0.8046390665515232,0.01429839762758996,0.200187536500216,0.10724296706390299,0.03307400909088841
new_preds,OFT-0099-00,slow,3.216132622090639,1320,2.000172017791927,0.4193416936351655,0.20965281481044526,0.23289227520332065,0.23350097498384081,0.0019879070134019732,0.8190694599133901,0.015336872307566494,0.10706145941978258,0.061199165863674534,0.03248258346903251
new_preds,OFT-0099-00,medium,3.9434139472408742,1321,1.776645095544212,0.403698724939486,0.22722530569102056,0.24457095399528495,0.24620110267470027,0.00391340708184957,0.7663433279784692,0.014073250343075137,0.21280794698492134,0.11344059866399823,0.034497412107642005
new_preds,OFT-0100-00,fast,4.89296369014143,1322,2.026687431824512,0.42513555008363235,0.2097686813505854,0.23750744311386995,0.2368781726836558,0.0014244818620135242,0.8505134729466083,0.013143200613641243,0.08167700434660205,0.047410102480121646,0.030045956188573697
new_preds,OFT-0100-00,slow,3.213570489933191,1323,1.396668542366004,0.4079697073316938,0.29210202346261716,0.30623879082689076,0.3033950223858093,0.0064536682935087885,0.8081090885362615,0.013303742637166415,0.39847543631807,0.2058895894776182,0.03134528710209679
new_preds,OFT-0100-00,medium,3.910796531974579,1324,1.8501801803418787,0.38146440383534963,0.20617689449297968,0.22605840804989025,0.2285125316795111,0.0025878045814629234,0.7480213173160618,0.012589785028494239,0.14915242571708442,0.08087110537278933,0.03199912465068941
new_preds,OFT-0101-00,fast,4.4578125648034055,1325,1.9449738216109054,0.41035545901315046,0.21098251012616592,0.23057723185586487,0.23313106224761837,0.0024542959390928473,0.7842137953307184,0.012919795199647954,0.14402862847869674,0.07847421183917234,0.031275190684587735
new_preds,OFT-0101-00,slow,3.0934304397556915,1326,1.6064896441695498,0.3526404140766349,0.21950992050056253,0.23591781120980682,0.237346676090203,0.004279713209260575,0.7001882233819477,0.013013716295783472,0.22712327590329448,0.12006849609953897,0.035643931158366594
new_preds,OFT-0101-00,medium,3.7011681923003468,1327,2.101057426860801,0.34257111752993,0.16304700345186046,0.18279845774113407,0.18512852461552132,0.000934788886330989,0.6728414570603048,0.010981836416187923,0.057191988483653006,0.034086912449920466,0.027423689009802653
new_preds,OFT-0102-00,medium,3.7501443776251566,1328,2.121977051927701,0.37792317071122294,0.17809955596263413,0.19986445456164548,0.20278016885526318,0.0009828994733261326,0.7414390187473766,0.012708952380908183,0.05717916062322018,0.03494405650206418,0.02812780116893617
new_preds,OFT-0102-00,fast,4.490286689676702,1329,1.2244272863139027,0.23753094570669495,0.19399350893410247,0.19207859910834668,0.1948228761316752,0.006894206742360763,0.43955447525509755,0.009042283927762792,0.34225178819748525,0.17564703606262402,0.039250344878593614
new_preds,OFT-0102-00,slow,3.2027155544665615,1330,1.0416505292452176,0.3079703245303705,0.2956560918310352,0.2939404001722409,0.2969870084970323,0.00957998420841201,0.6078753089458339,0.010389338060089227,0.560936852459473,0.2856630952597811,0.03353595325185426
new_preds,OFT-0103-00,fast,4.882587431103269,1331,1.6108564584824494,0.3969009667305871,0.24639126884371704,0.2607590408226022,0.26375585521248085,0.004588417630196832,0.7821521061243675,0.012843881000375031,0.2612355195633638,0.13703970028186943,0.033482396858422546
new_preds,OFT-0103-00,medium,4.047150521543585,1332,1.4599431497978226,0.37892811526262654,0.2595499114572384,0.2721926022591442,0.27528969002883374,0.005886759497416856,0.7491907895879277,0.013709499992440232,0.3291016986538628,0.17140559932315153,0.034344032637571714
new_preds,OFT-0103-00,slow,3.2921154196801004,1333,1.6791140286399038,0.38526239715724203,0.2294438558585016,0.24581013116817035,0.24807433875303098,0.0041843292441895484,0.760684825194537,0.014721150048280968,0.21609438959636906,0.11540776982232502,0.03625691104361079
new_preds,OFT-0104-00,slow,3.6932822742358673,1334,1.8904264586989141,0.47335357158264046,0.25039512613911785,0.2776038474340703,0.27799022690982994,0.0029011361967908596,0.9422949495214041,0.017313535075456122,0.15055010648458125,0.08393182078001869,0.03456539093074842
new_preds,OFT-0104-00,fast,6.206888096670823,1335,1.4422397302456278,0.459273644314572,0.31844473195614514,0.33407485909044293,0.3324813374895104,0.007136422730471725,0.8809820725413642,0.01386311480081916,0.4422117739311388,0.22803744436597898,0.03129496013390865
new_preds,OFT-0104-00,medium,4.6565930299481675,1336,1.4518789373212824,0.22945046500866198,0.15803691279659876,0.14840718561534477,0.16494900582637334,0.0071806347744691875,0.3280142911573518,0.007002072310986898,0.32565742904961864,0.16632975068030276,0.04317107880640585
new_preds,OFT-0105-00,fast,4.249132714790708,1337,2.044464766949712,0.42904699024282744,0.20985785481789174,0.23145290564623966,0.23620925352761518,0.0019656601478882014,0.8166173230699395,0.013727943620073369,0.11671506014613356,0.06522150188310347,0.030138222689370987
new_preds,OFT-0105-00,slow,3.0364948630055495,1338,2.0080148872941193,0.3701536110239533,0.1843380810402009,0.20428657788516644,0.2015908794550204,0.0025297794015904777,0.6845011571938551,0.013629982168531143,0.1295991703887031,0.07161457627861713,0.03532492312386726
new_preds,OFT-0105-00,medium,3.565484165653158,1339,2.0276393357730504,0.3945916799593921,0.19460644356110376,0.21990709218990517,0.2194833691146159,0.0014650503522661785,0.7905247894285938,0.015173358628328953,0.07125519403437024,0.043214276331349596,0.03390199898368689
new_preds,OFT-0106-00,fast,5.632597620297312,1340,2.0528580281052204,0.3450360368349282,0.16807593711358354,0.1712476782405658,0.18974105411973938,0.008638158514787712,0.5351440352527844,0.01513598635921908,0.201865618188215,0.10850080227371704,0.07961377550919914
new_preds,OFT-0106-00,slow,3.665575050382194,1341,1.8716095013658698,0.391509596295572,0.2091833772001343,0.22813595987560503,0.2305331444762752,0.0030060272787481935,0.7512236197791451,0.014251046414474448,0.15941592487588827,0.08683348564518135,0.034618295654183576
new_preds,OFT-0106-00,medium,4.541153722191641,1342,1.8973102759539602,0.342081299628247,0.18029802714068466,0.20031007460380174,0.19958853841141552,0.0018653217769134544,0.6844402364604252,0.011620083008146542,0.10415810356103442,0.05788909328459048,0.03222233534982634
new_preds,OFT-0107-00,fast,5.958948729667698,1343,2.3554323132149015,0.4170072539842852,0.1770406441504222,0.19475877933534244,0.19671375010179298,0.008403633060002105,0.6688709083659797,0.014559712424985794,0.13631162766765278,0.07543567004631929,0.1114013179022878
new_preds,OFT-0107-00,medium,4.761451069732654,1344,1.8402465199693105,0.4080316670490382,0.2217266342423747,0.24431525345794913,0.2454944089635539,0.0023554417051811923,0.8142284441495237,0.012914981803359418,0.15056018571476637,0.0817375837590629,0.028817119333063544
new_preds,OFT-0107-00,slow,3.7426045753048096,1345,1.886109451737789,0.35181511924434744,0.18652953513392262,0.20547321770207122,0.2084248210304453,0.0021999686429407823,0.6941405139884056,0.01266890922865462,0.11975154073090188,0.06621022497977826,0.033227022617921785
new_preds,OFT-0108-00,fast,4.550001819732669,1346,2.0638409414367396,0.3762683405039427,0.18231460232686542,0.20459888080433913,0.206132609236096,0.0013700363513035,0.7290262765429014,0.010989404889024357,0.08484956061277082,0.04791948275089759,0.02859038271396695
new_preds,OFT-0108-00,slow,3.1485672136035627,1347,2.038523049978104,0.43625806802507944,0.21400693410347524,0.24167377763091313,0.24032982579773465,0.0014689516082528878,0.862812393523911,0.014375551316826376,0.08849640692571308,0.05143597912126972,0.028558834367468068
new_preds,OFT-0108-00,medium,3.740812905399725,1348,2.101046759928287,0.433245619627389,0.20620465374229774,0.2338804186980265,0.23333257258403478,0.001100046772361668,0.8537691433515848,0.013342413409645548,0.07012749437814476,0.04173495389389516,0.026357924706431245
new_preds,OFT-0109-00,fast,4.712406962872576,1349,1.6687943676385921,0.3860363307423714,0.231326482296694,0.25105376187054856,0.2515514011372467,0.0037471044236369673,0.7726478427634189,0.012825952691048744,0.2134399535315102,0.11313295311127948,0.03312124646787265
new_preds,OFT-0109-00,medium,3.99664386248835,1350,1.246484291288462,0.35708048004894904,0.28647010038116344,0.28856728555912237,0.2945714588619167,0.0083779976415839,0.6909784441460449,0.012371152790875061,0.46945799678004285,0.24091457478545897,0.03477580237328828
new_preds,OFT-0109-00,slow,3.32908246242154,1351,1.2901855360179688,0.3944865022403359,0.3057595138276622,0.3135734101691422,0.3166195943602833,0.009591434382070265,0.7518414925621886,0.0142349918440678,0.4917336307286592,0.2529843112863635,0.03791315885676927
new_preds,OFT-0110-00,fast,5.489429503082207,1352,1.7867111592535567,0.4292176228378006,0.24022776183763078,0.25789546846005074,0.2608116881999175,0.003849823812085173,0.8175581541884307,0.013746558784796211,0.22025144106529565,0.11699899992504594,0.03290475828469917
new_preds,OFT-0110-00,medium,4.415981626811991,1353,1.8397020058537528,0.4054701516881665,0.22039990737521617,0.24353242106247813,0.24420955560694452,0.003244650593918597,0.8057545741911994,0.014408849851276453,0.15072667702094536,0.08256776343611091,0.039296820682677626
new_preds,OFT-0110-00,slow,3.6157503274063303,1354,1.5393495902237322,0.4046645736038649,0.26288022952931056,0.2761825539210062,0.2779705789876579,0.007116367988700655,0.7752777673717719,0.015847939294106383,0.3241710154999406,0.1700094773970235,0.04185865457419051
new_preds,OFT-0111-00,fast,5.100900785626418,1355,1.6951215908803068,0.40810742589585164,0.24075407221019124,0.2603315004088835,0.2603251260688073,0.0036995554677394116,0.7969650946586415,0.012629459823310546,0.23339885573390348,0.12301415777860701,0.030074225069261006
new_preds,OFT-0111-00,medium,4.201499687578182,1356,2.0003356593128756,0.41227663838847683,0.20610372887623057,0.23044640817757037,0.23162189059555283,0.0017118667174988204,0.8205938369456571,0.013485750882876494,0.09170991571501295,0.05259783329894473,0.03254633527904591
new_preds,OFT-0111-00,slow,3.4182862264449443,1357,2.0565188161912804,0.30305821257002175,0.1473646679933094,0.16465275890403702,0.16601416377002137,0.0010570906934665063,0.5888953819991217,0.009176715399156645,0.06817625616984913,0.03867648578450288,0.027331611753880377
new_preds,OFT-0112-00,fast,5.460466572484588,1358,1.9648717683980215,0.4326730225375078,0.22020420339708488,0.22902233435185693,0.2386761740798613,0.012741108793164762,0.6541173220166917,0.015232754723756957,0.3049600376249376,0.1600963961743473,0.07958398251069632
new_preds,OFT-0112-00,medium,4.427679303349271,1359,1.8408141805886895,0.434437380752109,0.2360028433794315,0.25951085525408657,0.2604326167263556,0.003024253804048888,0.8585131378210831,0.015545979747757128,0.16614527083117542,0.09084562528946627,0.03329003234236703
new_preds,OFT-0112-00,slow,3.569994686278716,1360,1.7046678993078952,0.3796588021575243,0.2227171652095214,0.24314632777502243,0.23785674083192626,0.0036779239339993575,0.7486514314088164,0.013842900778276187,0.20316722319099476,0.10850506198463547,0.03389633503476694
new_preds,OFT-0113-00,fast,4.61575205795137,1361,1.89796679443889,0.41232037358656265,0.21724319666428094,0.2405930722411485,0.24235206979870474,0.002336733126991652,0.8209802731009058,0.01502718555409448,0.1281671833362726,0.07159718444518355,0.03263722093402582
new_preds,OFT-0113-00,slow,3.2319811563310346,1362,2.108606526107085,0.41826809889000177,0.19836232777966853,0.21661522634135183,0.2241677644512804,0.0019726356411847897,0.7984968744507266,0.014307332919841253,0.0886253536620879,0.05146634329096458,0.038328653544171754
new_preds,OFT-0113-00,medium,3.765223951399541,1363,2.0475202247441437,0.42406639979418775,0.20711219096611302,0.23234244135214555,0.23337803822506642,0.0014602974188236031,0.8360198909066618,0.014245669880370465,0.08520001007263368,0.04972283997650207,0.029368745218770847
new_preds,OFT-0114-00,medium,4.669103033620463,1364,1.9511459710187358,0.4631041990673997,0.2373498477028876,0.26370113234459575,0.2620685658571669,0.0028002039799658266,0.8895441718305218,0.016126303500456254,0.1538058871828626,0.08496609534165941,0.03295672195722132
new_preds,OFT-0114-00,slow,3.7471811016751544,1365,1.8430742431382263,0.3610685010175775,0.1959055650426656,0.21872694833269266,0.21654348672885187,0.0021854479593796335,0.7280977945355426,0.012949332677455266,0.12297115298574117,0.06796024283159821,0.03215774206097313
new_preds,OFT-0114-00,fast,5.819930088430961,1366,1.5955554518377908,0.3354115327485577,0.2102161553597052,0.2207978447844718,0.22535679056700025,0.0035848682706560086,0.6663676931409885,0.010456181987030947,0.22305356673457163,0.11675487436080129,0.030704227898681845
new_preds,OFT-0115-00,medium,4.888940318421895,1367,2.0645880753250307,0.3949248307158537,0.19128504878808825,0.21457473951776898,0.21585419339124445,0.0012762223902137426,0.7778568222910964,0.01168663496849489,0.07614040646643075,0.04391352071746282,0.029062174231596852
new_preds,OFT-0115-00,fast,6.262557708542324,1368,1.7992099066628566,0.3219283235431504,0.1789276072519284,0.1961498830780385,0.1959471706550234,0.001806735244543416,0.6370198943955826,0.008907225460482579,0.13947693205271616,0.07419207875659938,0.024352131316750673
new_preds,OFT-0115-00,slow,3.8762094774027505,1369,2.199325822264529,0.43684906417287084,0.19862862507705684,0.22678061071020228,0.22402900097119538,0.0012674025982179233,0.8308702898182789,0.015026794961943743,0.06646023247769363,0.040743513719818686,0.03110685560733625
new_preds,OFT-0116-00,fast,4.940509202425771,1370,1.9478737257610192,0.4234699336684976,0.21740112208919044,0.23909269852602852,0.24159757999576637,0.0025186756415153467,0.817109251046311,0.013575442717318193,0.13943552474127063,0.07650548372929442,0.03292150469144646
new_preds,OFT-0116-00,medium,3.971703938901329,1371,1.858447760438592,0.4060341083842683,0.21848023766266347,0.24246604016600695,0.24147831664973585,0.0024448779631301197,0.8075560039729889,0.013785352601618192,0.14391165147371912,0.07884850203766866,0.0310072848557366
new_preds,OFT-0116-00,slow,3.243668597648436,1372,2.1593559696251696,0.4253826360963305,0.19699514210719515,0.22377288902421394,0.22069786904237862,0.0014066735720437988,0.8129999491575194,0.015671883515830588,0.0720958091779545,0.04388384634689254,0.03205447309527842
new_preds,OFT-0117-00,slow,3.405660999090225,1373,1.9690596804020897,0.20498283013869154,0.10410188791069717,0.11819605236551008,0.1195399844364819,0.001038490206993387,0.40672642236214174,0.008648933410122243,0.05043417677752841,0.029541555093825327,0.03515353892830268
new_preds,OFT-0117-00,fast,5.188293869492694,1374,2.1029383833010122,0.36200095655379183,0.17214054364519887,0.1949709702719019,0.19428492188366012,0.0009006214673460352,0.7111492990779845,0.010428849266631004,0.06101361122313066,0.03572123024488083,0.025212498594588642
new_preds,OFT-0117-00,medium,4.122109830732507,1375,1.5990850583631102,0.4013073155655547,0.25096058115654557,0.26364238251629896,0.275393671532253,0.006761838295635265,0.7772578325774628,0.014806641489677665,0.280189379467911,0.14749801047879432,0.045843589846979046
new_preds,OFT-0118-00,fast,4.570740290472206,1376,1.8813264129533367,0.40235968200713557,0.21387021371560122,0.23029596225481538,0.2466934344980133,0.0021592454987794858,0.8197916627005636,0.014898056015955341,0.11287662479287378,0.06388734040441456,0.03379770522784642
new_preds,OFT-0118-00,medium,3.8674508261520435,1377,2.0226782627877964,0.4175140789341408,0.20641645614893478,0.23044964675173152,0.23225211265389542,0.0016451947074463372,0.8165278247321301,0.013412864830944823,0.0996287517178209,0.05652080827438286,0.02910777035352474
new_preds,OFT-0118-00,slow,3.191695357834993,1378,1.954558714394752,0.4052383700224665,0.20732985253295522,0.23104243183248518,0.23124141407929227,0.002095933760556368,0.793307669367486,0.014034223290736664,0.11883584245779719,0.06643503287426693,0.03154862231381857
new_preds,OFT-0119-00,fast,4.90943492859844,1379,1.5757398010727175,0.4437756756421785,0.2816300478924687,0.300872446279037,0.30137186328215537,0.005213182149459638,0.8749476639796213,0.014216077388225473,0.3132160819274234,0.16371607965782442,0.03184282301625762
new_preds,OFT-0119-00,slow,3.1936892376166397,1380,2.0069809030714234,0.3840699525268212,0.19136701895820338,0.21727100391394172,0.21480369849134756,0.0013932315568522709,0.7719073552917031,0.014384365411420233,0.07413459035714692,0.044259477884283575,0.031478716502143914
new_preds,OFT-0119-00,medium,3.8829244501573066,1381,2.006962992756524,0.3474615694651489,0.1731280400880324,0.19199863484780655,0.1951906597762138,0.0015319939667616078,0.6820049466254067,0.012578068192433416,0.08356391625608628,0.04807099222425985,0.03186940597386839
new_preds,OFT-0120-00,medium,4.071385531896851,1382,2.0572097260413056,0.3876271824402818,0.18842375550410892,0.21108985955432027,0.21335747796411308,0.001078835782781544,0.770365110178557,0.011884957926348019,0.06996783159683564,0.04092639476159183,0.026360391357852963
new_preds,OFT-0120-00,fast,4.8725588982823655,1383,2.143189547350611,0.3348924654408182,0.15625891132905573,0.17643647963347803,0.1773818310508235,0.0008275191439142271,0.6501248457153558,0.010098541145232958,0.05330151636760115,0.03170002875641705,0.026104681174672816
new_preds,OFT-0120-00,slow,3.1945639373569885,1384,2.0903535730907294,0.4150994698531206,0.19857859225191646,0.22365992920450334,0.22726215087252882,0.001093672199859303,0.8236942140760564,0.013628705725824235,0.06415821580652811,0.038893460766176176,0.028119693601820553
new_preds,OFT-0121-00,slow,3.399668982258619,1385,1.885176017323695,0.3843791736956135,0.20389564166071897,0.2244060006266615,0.22513312393205082,0.002850443780865474,0.7474264647919082,0.0136998396029173,0.1418475844846321,0.0777737120437747,0.03665047875381222
new_preds,OFT-0121-00,medium,4.083610068004201,1386,2.0665929773696927,0.4186987557628148,0.20260339619257003,0.22581182443195474,0.2276957875474354,0.001506339273818358,0.8161886886962689,0.014223221577621747,0.08654301500769329,0.05038311829265752,0.02989769837326407
new_preds,OFT-0121-00,fast,4.890658115417021,1387,1.8958610804798062,0.4567823525114143,0.24093661567007402,0.26495920317387,0.2651580040328264,0.002946289897253361,0.8845656407233315,0.015304068935451375,0.16885333154493004,0.09207870024019071,0.03199751831387557
new_preds,OFT-0122-00,slow,3.3990874818631918,1388,2.0922630004041003,0.38698647616746734,0.18496072247739634,0.20852793978393425,0.2097404256857609,0.0009124541542701476,0.7711973829785901,0.01245022788523117,0.05629570173652963,0.0343729648108804,0.026545692502536754
new_preds,OFT-0122-00,fast,5.095443754473177,1389,2.1429866602600702,0.4630516088847623,0.2160776907629313,0.23916069957105485,0.2435214083175033,0.0013730683748957933,0.8784292980143396,0.012606891782603402,0.09538846394080178,0.05399767786170259,0.025428285609104512
new_preds,OFT-0122-00,medium,4.2139608197183795,1390,2.1567464584800033,0.3373561427179918,0.15641900854481902,0.17732264260720926,0.17848143516149872,0.0007443989903759016,0.6559480776175908,0.009804504419770543,0.0496476202381254,0.02972606232894797,0.025041964258111223
new_preds,OFT-0123-00,medium,4.3704011382734675,1391,1.3689393793164086,0.37608455250040834,0.27472695882867315,0.28120251997000806,0.2859266483210756,0.006895422394354939,0.7224412455385628,0.012063247959256305,0.4081867162583861,0.2101249821088212,0.032815814308000193
new_preds,OFT-0123-00,fast,5.3626420706251166,1392,2.0686948616588565,0.33794482484279437,0.16336136909616591,0.16996895921590327,0.18307370548329222,0.010216322970047244,0.5603876298747923,0.01485275842669289,0.15528049298644542,0.08506662570656916,0.12009789838482217
new_preds,OFT-0123-00,slow,3.489901047586639,1393,1.9545029816886288,0.3856996007382174,0.1973389676822008,0.21958849085622456,0.22033341049888638,0.0016965825163506201,0.7661001348907112,0.012739101806887287,0.10300036804286244,0.05786973492487486,0.029317267800743927
new_preds,OFT-0124-00,fast,5.161182043090362,1394,1.5287720441673054,0.4924522682447187,0.3221227586699812,0.33113529980426987,0.33342606873450886,0.020413012519296152,0.8340718709129892,0.02144798340931699,0.49772292262569096,0.25958545301750396,0.07863696629379187
new_preds,OFT-0124-00,medium,4.078902300962748,1395,1.9818191425275031,0.40525158728275,0.2044846467503157,0.22817866307871104,0.22745034681001414,0.001998102731936951,0.7937251948693289,0.014139658241728208,0.10845910142448607,0.06129937983310714,0.032595806635841315
new_preds,OFT-0124-00,slow,3.296880243106221,1396,1.6174832601721583,0.42273299880723303,0.2613523176507181,0.2827549219067261,0.2812752557184065,0.005789511120103178,0.8136365323102642,0.015076534576181492,0.291597033174581,0.15333678387538124,0.03775683155588021
new_preds,OFT-0125-00,fast,5.742795435143275,1397,1.727273588845576,0.4596625165681851,0.26612027158673845,0.2885119770201918,0.2880402030973272,0.003826783156006737,0.8962092493295637,0.013862778812394509,0.24735339753971203,0.13060808817605327,0.029299740999565217
new_preds,OFT-0125-00,medium,4.816683961678598,1398,1.5705512915343118,0.42364883891713645,0.2697453061232168,0.2878480776812926,0.28832540681872465,0.00511451920222161,0.8320412025079363,0.013619999686070082,0.30515726949359867,0.15938863458983438,0.032088355706058655
new_preds,OFT-0125-00,slow,3.9018245431018412,1399,1.4744036359283745,0.39653817153314586,0.26894817800924725,0.27921832025021986,0.28330717804809,0.006637249450522515,0.7616361800116513,0.01334780404483072,0.3579664752919338,0.18565713966838227,0.03575003612776681
new_preds,OFT-0126-00,medium,4.736508638375792,1400,1.8456613624777916,0.40037714697944293,0.21692882297863056,0.23621430164233012,0.23899816127415485,0.0027903703417031193,0.7769376755293438,0.012939472431062289,0.16677193561281933,0.0898557040219408,0.031053903278324677
new_preds,OFT-0126-00,fast,5.608393516093759,1401,1.8362750011174462,0.41937967819517974,0.2283860957318324,0.2479733549809771,0.24989864726363548,0.0032171434754051384,0.794712210043746,0.01291494473683622,0.19819687590301574,0.10555591031992598,0.030478098911320105
new_preds,OFT-0126-00,slow,3.9515732857096495,1402,2.0238261786117304,0.3839273244598203,0.18970370504999604,0.2101286770868226,0.21123350083041564,0.002234570309177813,0.726123006723093,0.012277751131635673,0.1152913017409898,0.06378452643631273,0.035033109658797516
new_preds,OFT-0127-00,slow,3.71851561915005,1403,1.6348453930305753,0.36946577458518814,0.2259943210289111,0.2388055426435546,0.24548177397360005,0.004097676512339467,0.7200540489040536,0.012380664227844672,0.2391806212495453,0.125780642738695,0.032577958127088365
new_preds,OFT-0127-00,medium,4.556579791817911,1404,1.5614078612625022,0.4222406233431293,0.2704230161885567,0.284218510777464,0.2882953778730851,0.005438199066599439,0.8102779319928807,0.01363794265684166,0.3282467946151915,0.17094236863601658,0.0318130555343998
new_preds,OFT-0127-00,fast,5.382465317225478,1405,2.0046111885862414,0.3686380760979466,0.18389505066961628,0.2016209591781577,0.20464445144758486,0.0019772063358568398,0.6987235423389184,0.011415983723083707,0.11583498299477149,0.06362548335892759,0.031075698469792586
new_preds,OFT-0128-00,medium,4.991997346782699,1406,1.9656672121563168,0.4562230633316519,0.23209577923985408,0.2545194224759741,0.258037937518104,0.0029316072115940983,0.8739371663185467,0.015801428659505762,0.1477765568156687,0.08178899273758723,0.035843542186659534
new_preds,OFT-0128-00,fast,5.954775357225784,1407,1.7748569102487695,0.47707617038150585,0.26879697604165587,0.2914017451249178,0.27857310067338165,0.013352941890990875,0.7864697157368433,0.01709862842235162,0.36240621528636274,0.18975242185435717,0.07037033709767251
new_preds,OFT-0128-00,slow,4.007104553465083,1408,1.510294901996602,0.41071517982127875,0.2719436974052653,0.2857122112152164,0.28694874515377555,0.006508136660412992,0.7951902525322084,0.014842397402045621,0.34061974423440067,0.17773107081822315,0.03661788921009358
new_preds,OFT-0129-00,slow,3.6739485907377287,1409,2.2540054034052392,0.348968466298772,0.15482148612934457,0.17463186200338682,0.17909544522125723,0.0008227923089332802,0.6638624660250751,0.013025494998303577,0.03864868126977995,0.025837088134041765,0.03184539622517318
new_preds,OFT-0129-00,medium,4.6269740470570735,1410,1.8472072467969063,0.3936331682787723,0.21309637506096837,0.235023203705853,0.23599632861909173,0.002637421976257181,0.7833053023237878,0.014430288369434384,0.14228088418329643,0.07835558627636541,0.033659654679307954
new_preds,OFT-0129-00,fast,5.889271845364836,1411,1.685653159720891,0.4042479278006631,0.23981678880345594,0.2559986897539679,0.25936728514358215,0.004065912478265576,0.7830476411942896,0.01311854187667142,0.2412506291632007,0.12718458551993606,0.031968594791923495
new_preds,OFT-0130-00,medium,4.5015074402262565,1412,1.7486913776600546,0.4254819070268296,0.24331446501221513,0.2626592481464293,0.26394738830285375,0.0038936798426412126,0.818363661942848,0.0140401668061996,0.2280440724644788,0.1210421196353392,0.03216797470476898
new_preds,OFT-0130-00,fast,5.3310732359874855,1413,1.6746731301192714,0.4373322418586393,0.2611448371584562,0.27390731860983064,0.29270738192010304,0.0061023785259316544,0.8746975827970107,0.015830873901436816,0.23604221575953704,0.12593654483048694,0.04845597863706342
new_preds,OFT-0130-00,slow,3.6672959380707146,1414,1.8401299842904075,0.4213338018479418,0.2289695866297276,0.24978424346173672,0.2537501760630583,0.0030796412794171384,0.8291066466665216,0.01569773759106454,0.16417642859101383,0.08993708309103919,0.03424217434647907
new_preds,OFT-0131-00,medium,4.2948775441992835,1415,1.8878154116344528,0.44202477396078227,0.23414618359221964,0.2579849137327935,0.2596020575464605,0.003117775473797554,0.8667012396786342,0.014664369161353417,0.15604064523937503,0.08535250720036422,0.03652822366985196
new_preds,OFT-0131-00,fast,5.263709841096792,1416,2.090753418341297,0.4424852549026751,0.21163913975743806,0.23519002979455414,0.2357187877948248,0.0018776345346368487,0.8380109876088978,0.01350061737716507,0.10859037708167099,0.06104549722941803,0.030757952999881707
new_preds,OFT-0131-00,slow,3.5540428548911205,1417,1.982147382224072,0.29230931016001643,0.14747102701920695,0.16535636487497524,0.16534746715613552,0.0015774344849227,0.5730971113639932,0.01137523539679293,0.07625346840152371,0.04381435189915832,0.03600268899453932
new_preds,OFT-0132-00,fast,4.942193734199375,1418,1.17503443743231,0.3938640223208422,0.33519359924592124,0.34027825253349464,0.3410383015556095,0.009494362699541237,0.7567439087274297,0.012120507514023573,0.591750829580151,0.3019356685470873,0.03144498543424185
new_preds,OFT-0132-00,slow,3.183490273043509,1419,1.8019625387928428,0.3774495819783706,0.2094658317543209,0.2280371254958871,0.23019574709291055,0.0032550416506695536,0.7461697832112605,0.014803087517372885,0.15762728975000523,0.08621518863368906,0.03775485157841003
new_preds,OFT-0132-00,medium,3.8764492598349687,1420,1.5329276605734983,0.4282398593188837,0.27936077502748613,0.29918814664798793,0.29779553715102236,0.005972210745487161,0.846012083191536,0.015521317685158773,0.32437703063346146,0.16994917415931013,0.03514115779043927
new_preds,OFT-0133-00,medium,4.2049932462071675,1421,2.039007272732014,0.44416004331608905,0.21783151500041992,0.24394043812494953,0.24505091377204175,0.0015635535878721514,0.8715101856519857,0.014001502008137138,0.09741508291151947,0.05570829245982831,0.028066801526893725
new_preds,OFT-0133-00,fast,5.141854501972191,1422,1.8765390430799913,0.4145623798482121,0.22091860085563939,0.2427316216390435,0.2447883739447892,0.002416626683784704,0.8119921476135241,0.013023407753710789,0.15306411086782407,0.08304375931076743,0.029100641683876237
new_preds,OFT-0133-00,slow,3.4271530219072113,1423,2.1519028655096775,0.3926013508689967,0.1824438069029706,0.20908279735807395,0.20739889272564443,0.0007038492728759959,0.7791317710822423,0.012587906789591935,0.04243047245018549,0.027509189619888713,0.025585969001686762
new_preds,OFT-0134-00,fast,4.8677065097074035,1424,1.7670606262394297,0.43713654611619085,0.24738061593646793,0.2688852621262122,0.2704647351903049,0.0035711207184123284,0.8590791262745966,0.014399131720221687,0.20735105012250254,0.11087509092136212,0.0322085031789975
new_preds,OFT-0134-00,medium,3.9808222921014194,1425,1.7424882985629742,0.43349914216979113,0.24878166615368197,0.2668621964307223,0.26978303843146134,0.004553250630943634,0.8228914042372056,0.01502283813130695,0.245017909623326,0.1300203738773165,0.03501951652007978
new_preds,OFT-0134-00,slow,3.1263858981284964,1426,2.0930961748191352,0.4206038626669441,0.20094817798006273,0.22807558021707158,0.22669691210722837,0.0013116842398196767,0.8248863403748372,0.01490825998259373,0.07251426966644098,0.04371126482451736,0.030007922330446083
new_preds,OFT-0135-00,medium,4.007645315693448,1427,1.8000394631072874,0.3900877455288471,0.21671066302927872,0.23025280865570838,0.23539928997486126,0.004004182261319416,0.7350051063006554,0.01375382258146779,0.2007680822234565,0.10726095240246214,0.03733122046404187
new_preds,OFT-0135-00,fast,4.836439873606349,1428,2.0912368661730896,0.4121181542143663,0.19706909383657342,0.2131306262245211,0.22128949851963253,0.004010074378619197,0.7624904296339307,0.014323996282214233,0.11497640524042596,0.0646502007613201,0.06202725330156137
new_preds,OFT-0135-00,slow,3.3133021573123353,1429,1.0921131330854654,0.4242183578335228,0.38843810680584934,0.38292030889192813,0.39182566158364823,0.016018712407302373,0.7889258896564852,0.017553980894182357,0.7491439697792639,0.38334897533672313,0.04178624031336455
new_preds,OFT-0136-00,medium,4.626763960468361,1430,1.790096046761714,0.37714598344267103,0.21068477533645671,0.23046128836486113,0.2313656999866849,0.0030213428392224643,0.7500023821912406,0.014123135662961082,0.15882284470550997,0.08647299018423553,0.034939728957970866
new_preds,OFT-0136-00,fast,5.796390724151755,1431,2.13062912328798,0.32337353330026103,0.15177373188311255,0.16689699027356825,0.16566079035283415,0.012984123558488065,0.47133410869294057,0.012615725395696411,0.19596087059389936,0.10428829799479788,0.1245022098177855
new_preds,OFT-0136-00,slow,3.7178072371388695,1432,1.6445898653713176,0.38726873058709566,0.23548043116492004,0.2507439648121387,0.25423051908734057,0.004548942500645538,0.7649889622993475,0.014915328970317663,0.2333626406004573,0.12413898478538749,0.03664394797903163
new_preds,OFT-0137-00,slow,3.315401622832562,1433,1.3778960340758153,0.3424832258450519,0.2485552011003231,0.2606752673632519,0.26612955652169534,0.01160647791274127,0.7013254871489298,0.01873022956100518,0.30952262215098025,0.1641264258559927,0.07071669203912957
new_preds,OFT-0137-00,medium,4.09842669785772,1434,1.8715540585027035,0.4215075684507574,0.22521795004306497,0.24653497429763235,0.24696497812037757,0.0035179192373427782,0.8042315727617309,0.016376455533519,0.17489066184351365,0.09563355868851632,0.0367854055164969
new_preds,OFT-0137-00,fast,4.9464823351909395,1435,1.7697359487509599,0.37001657867904986,0.20908010539097616,0.2244561731197613,0.2260381581541055,0.003739481058568706,0.6967155075053216,0.012568480995691496,0.20376518864835974,0.10816683482202562,0.03457141983235003
new_preds,OFT-0138-00,fast,5.358794078306806,1436,1.3692642811367326,0.44798528151343003,0.327172254242638,0.3398615851685692,0.3413771279377402,0.008781080219721592,0.8679046568319329,0.015512919783849416,0.47689687377044365,0.24620489677714652,0.035665741561874076
new_preds,OFT-0138-00,medium,4.1975476356739945,1437,1.6930027600433355,0.4215398357505665,0.24898945571699863,0.2690700021272626,0.27035154077225726,0.0044419251871620795,0.8369817674162515,0.01575610188483364,0.22505321839653097,0.12040466014068231,0.03689163842970927
new_preds,OFT-0138-00,slow,3.32224135730134,1438,2.0438972065470193,0.3773094809496345,0.18460296327087064,0.1965316791524635,0.20627846147613338,0.002651971831325386,0.6994652061186104,0.014735280335517775,0.11791265363741112,0.06632396698646445,0.03998512079150221
new_preds,OFT-0139-00,fast,4.835069702611674,1439,1.858930897576363,0.4082769706603618,0.21962998796386954,0.24069568797770838,0.24354889722793735,0.002785057749319442,0.8054255476974507,0.014598015919116152,0.1500348218378378,0.08231641887847699,0.033833563063901
new_preds,OFT-0139-00,medium,3.8641477956013723,1440,2.07751735552008,0.39780074481136646,0.19147890329502548,0.21220920503984722,0.21599632449986772,0.001554256147377199,0.7699636975348132,0.01439957710828663,0.08315900314779562,0.04877929012804112,0.03186303333438065
new_preds,OFT-0139-00,slow,3.1504135783799962,1441,1.2334670539476238,0.34600210493607336,0.280511833557871,0.2865082934702289,0.2867772070353394,0.008774231929673058,0.6826899405838004,0.01348996544146226,0.4498383319656493,0.23166414870355578,0.03787479408780174
new_preds,OFT-0140-00,fast,5.547369035937097,1442,1.8777401162357856,0.42821987532643957,0.22805066133692192,0.25216297713188324,0.25126256966472793,0.0024934846919015823,0.841473458670427,0.013360748105059248,0.15495956087505874,0.084160154490059,0.029627853073821448
new_preds,OFT-0140-00,medium,4.377093448204253,1443,1.5857059959353148,0.4468531099945564,0.2818007317497617,0.300994142933285,0.3018806355815303,0.005605530955888066,0.8768926296169909,0.015244211454506848,0.31198674409405847,0.16361547777428265,0.034260395361991554
new_preds,OFT-0140-00,slow,3.540035748785285,1444,2.150137522691867,0.41413649942431946,0.19260930756923902,0.21913206032561472,0.2164373862757732,0.0012050553159086569,0.8002452482497165,0.014026637376301696,0.06572388526256924,0.039875261319435466,0.030220624919674317
new_preds,OFT-0141-00,fast,4.703941405167924,1445,1.5102780111152305,0.3801096594166079,0.2516819132763011,0.2668239009711235,0.2675510989014971,0.00565980801665036,0.7493030484926698,0.014052493877880524,0.3019261757881569,0.15798933483301872,0.03582398788267762
new_preds,OFT-0141-00,slow,3.1925872055707334,1446,1.6848483584396234,0.40142755927202683,0.23825738219183004,0.25626171887034616,0.25833509429099694,0.004637040108700472,0.7922882354474946,0.0163284151792282,0.22136092657199563,0.11884467087561192,0.03901765282815081
new_preds,OFT-0141-00,medium,3.825047737512259,1447,1.4712664325744254,0.37330399883351256,0.25372970562531244,0.26452133446672527,0.26604347095126024,0.006674914589800639,0.7150082086197193,0.014054453214300286,0.33896839268152984,0.17651142294791505,0.037815765565327016
new_preds,OFT-0142-00,medium,4.037231846000899,1448,2.1384767816721406,0.3539808618867995,0.16552943895421254,0.18542749448057966,0.18882860062152781,0.0007833507988723468,0.6954326497400201,0.011116680324738011,0.04901078641951301,0.03006373337212551,0.026056338019504056
new_preds,OFT-0142-00,fast,4.68993620674038,1449,1.9578788936497349,0.4603524105417635,0.23512813383651537,0.2590090855103413,0.2598294693668622,0.0023494058682231437,0.8881631693748163,0.014013545192637351,0.14859855326300858,0.08130604922782296,0.028895831128628695
new_preds,OFT-0142-00,slow,3.3436466974334835,1450,2.1100983101272797,0.3813623978119046,0.1807320521425853,0.20205877643898237,0.20560221999233153,0.00114630223935501,0.7423371181599497,0.012690423410041972,0.06706953759565404,0.03987998050284801,0.02874380139862775
new_preds,OFT-0143-00,medium,4.52478859497429,1451,1.074800816815025,0.2852711059728863,0.2654176490284357,0.2680073612301985,0.2675749250578461,0.009032225488353971,0.5549613477631494,0.010116295727043612,0.4974874556074211,0.25380187566723234,0.035587701882063345
new_preds,OFT-0143-00,fast,5.644860489153465,1452,1.270834313755768,0.39827184224849255,0.313393994746221,0.3233433359865717,0.32267859269927046,0.008193249229053042,0.7816430387024508,0.0129841201833814,0.4931944946211342,0.25308930740225777,0.03237295685522885
new_preds,OFT-0143-00,slow,3.584374337501818,1453,2.010823384004829,0.4266130819468599,0.21215840502968578,0.23614500629271742,0.23574956732458965,0.0020220296812481454,0.8252404026737997,0.014724236018574612,0.11387429020370748,0.06429926311114105,0.031447167252182565
new_preds,OFT-0144-00,slow,3.6583278542743822,1454,2.0664331508999996,0.36046773666686643,0.17443958277085853,0.1968511168146692,0.19357426858160617,0.001946648731947851,0.6880159436162191,0.014674973296436246,0.08613484238683505,0.05040490784163565,0.038620222024091724
new_preds,OFT-0144-00,medium,4.765629819004711,1455,1.5438476610018765,0.3441933057588376,0.22294512240636108,0.23474811851849678,0.23863460970004333,0.00504802045648671,0.6758924542965997,0.012849292816268893,0.2586148137323272,0.13573205327429805,0.037191071192927964
new_preds,OFT-0144-00,fast,6.222825774953126,1456,1.2895454841804883,0.3807357883719545,0.2952480490549845,0.30404997400326084,0.3055925245558003,0.007822352297201117,0.7565855410038573,0.013200836457523762,0.4461273361198406,0.22966408628868218,0.034059971777078854
new_preds,OFT-0145-00,fast,5.00386762201543,1457,1.914139137836811,0.4236399031542055,0.22132137355122755,0.24206143828811644,0.2450528915231249,0.0030206805635208432,0.8160773787657751,0.015365350612747986,0.1519813490643553,0.08367334983855164,0.03610086807029083
new_preds,OFT-0145-00,slow,3.313769620823829,1458,1.8052869863477619,0.3746497720231156,0.20752920441810843,0.22979095743516634,0.22743902350306117,0.0028860245596311566,0.7644034745460979,0.01632908278080494,0.13005851958840348,0.07319380118460421,0.03942990407551358
new_preds,OFT-0145-00,medium,4.081542672641728,1459,1.9230016364009022,0.36040201015884177,0.1874163824599607,0.20826586213254572,0.20866419828477767,0.0023178191053763006,0.7160191102123206,0.014410159653050135,0.10341125471853625,0.05891070718579319,0.03934461519985389
new_preds,OFT-0146-00,slow,3.4972407219358854,1460,1.154607751569019,0.40566033791880746,0.35134039016068247,0.3513320823672256,0.35781863849678525,0.01391259328698245,0.7661792792275459,0.01676749874535804,0.635662163261906,0.326214831003632,0.042648561514444294
new_preds,OFT-0146-00,medium,4.165060576327549,1461,1.706731223152021,0.4496227707620186,0.26344087731145355,0.2838183146395066,0.28525183394065246,0.005064453062567468,0.8653990125183807,0.016844221529853556,0.25954676886029493,0.13819549519507424,0.036647019900457524
new_preds,OFT-0146-00,fast,5.1827205618908785,1462,1.8533861176288549,0.4305924390487808,0.23232743299041372,0.25340067320749526,0.25428704880975883,0.0034274794032818196,0.8256228573426074,0.01420189835692537,0.1851899998880236,0.09969594912247448,0.03437932467116823
new_preds,OFT-0147-00,fast,4.982530341468761,1463,1.5758949652882552,0.4210817500061129,0.2672016595529199,0.28292081931491087,0.2865610471633875,0.005272415476610803,0.8337535726657609,0.015558340899027965,0.2911623543968766,0.15336034764795228,0.034379261376701775
new_preds,OFT-0147-00,medium,4.097343064812484,1464,1.547192438728582,0.35897486962675024,0.23201694930834896,0.24474833451401293,0.24725158908308226,0.005329002588542694,0.7074368588677219,0.014132286679536829,0.2646486092567952,0.139390447968166,0.03823075875155902
new_preds,OFT-0147-00,slow,3.351705563002144,1465,1.5942832715398199,0.4090035158318436,0.25654381698229345,0.26856942860006106,0.27041818664503214,0.007655338895724211,0.7590502172552726,0.01734936591056884,0.318350195292383,0.16784978060147593,0.0456082746625699
new_preds,OFT-0148-00,fast,4.900917745869302,1466,2.089601703377624,0.319388299032956,0.15284649630439046,0.16983607763239472,0.17216608676578304,0.0013434597229639263,0.6078244651653302,0.009921275272261547,0.07556768642128887,0.04274448084677521,0.031430016141260064
new_preds,OFT-0148-00,slow,3.4300016621192215,1467,2.0735814361594063,0.3622801564934786,0.17471228772402475,0.1972674385994142,0.19683251169871327,0.0012845015915435832,0.7054081488157458,0.012261091967052539,0.07367934290648395,0.042970217436768245,0.029892834343548752
new_preds,OFT-0148-00,medium,4.084889889011123,1468,1.8905891139822328,0.446364813093385,0.23609826682709853,0.2605380936238352,0.2599411327662644,0.002615039286095051,0.8712934326930616,0.014646685041422892,0.16097118342095762,0.08780893423119025,0.029781016123142667
new_preds,OFT-0149-00,fast,4.480119385314716,1469,1.140881364163794,0.3646238143198969,0.31959836120835133,0.3242698184727723,0.3247375878739085,0.010371330449296133,0.7203383901308497,0.01341520491589049,0.5567812458931422,0.28509822540451635,0.03637809542511392
new_preds,OFT-0149-00,slow,3.1676341601385634,1470,1.5732306960280793,0.3248500863953068,0.20648598277128255,0.2184254772942184,0.22116934494917384,0.0048960587607887705,0.634378425538205,0.013359883462654628,0.2324916151354938,0.12292574929907421,0.039829399362674
new_preds,OFT-0149-00,medium,3.7879342457355167,1471,1.6554932077123736,0.4027126977429317,0.2432584415730803,0.26007782976007654,0.26179641525301695,0.005124576307584341,0.7854666013238729,0.016342425615595207,0.2458272911301945,0.13108485837289485,0.03909357931338299
new_preds,OFT-0150-00,fast,4.931988062247502,1472,1.9664399561225607,0.3544664898895021,0.18025797776629876,0.19813311457427862,0.202864597586757,0.004337523365601175,0.6071580696659811,0.012526065777361857,0.184114508317853,0.09832028704760742,0.04411626019257768
new_preds,OFT-0150-00,medium,4.174950914171534,1473,2.135427755046939,0.4165200704595558,0.19505228845843123,0.22075424277659372,0.22068957592257332,0.001118652762382041,0.8145946215838482,0.01361392652838925,0.061615843959668064,0.03761488524402866,0.029739629806783116
new_preds,OFT-0150-00,slow,3.35090301823012,1474,2.1374157395164026,0.34010871763172607,0.15912146212073688,0.17937835204900143,0.17876576753479367,0.0011534169799087817,0.6516468013859921,0.01200108160331377,0.06217817626922748,0.03708962893627063,0.031098099738087002
new_preds,OFT-0151-00,fast,5.269219667415118,1475,1.7458391928241337,0.39966218775343426,0.2289226805058294,0.22855124081494974,0.2404149177438022,0.01697446879380524,0.6160548542486122,0.015998501822200972,0.3520326507825013,0.18401557630235113,0.09224473892316017
new_preds,OFT-0151-00,medium,4.164577038709984,1476,1.7631633318311066,0.42692927826775484,0.24213824695660718,0.2592568722667581,0.2602645156120977,0.004364747204720348,0.8037685842550047,0.0148966614770842,0.23791851054519317,0.1264075860111387,0.03452915558672039
new_preds,OFT-0151-00,slow,3.2468465423609483,1477,2.1573299513664908,0.4470128583384961,0.20720653234121664,0.23321989010934271,0.23464606975084135,0.0012570495513991053,0.865030954177645,0.016525583724645278,0.06591570490981677,0.04122064431723102,0.030495630823355047
new_preds,OFT-0152-00,medium,3.8331663729614833,1478,1.165225257527429,0.33840632076787674,0.2904213743924194,0.2920123199625867,0.2940070708346863,0.01034201612380619,0.6559907490532129,0.013405024525460453,0.5059401810549268,0.2596726027901936,0.039827136219534785
new_preds,OFT-0152-00,slow,3.1436500008621,1479,1.6129045626928211,0.4108128469747591,0.2547037540081649,0.26860694257941264,0.27174153070610096,0.006918429085384173,0.7927599678389167,0.016831800752977216,0.28035936483867885,0.14859558279582802,0.04655878024914221
new_preds,OFT-0152-00,fast,7.365208143573997,1480,1.6308860892229942,0.4312286715962848,0.2644137284914459,0.2812565502292018,0.28115004701309654,0.005379464328911574,0.8328239661414745,0.01542913578256641,0.28742981926525074,0.15142947752390856,0.035524551869778674
new_preds,OFT-0153-00,fast,5.47514818820355,1481,1.7983714340138843,0.46191040994067556,0.25684928107966676,0.2790781826582741,0.27876710426429385,0.003668618651379073,0.8806942795675401,0.01372760265414074,0.23183718787611135,0.12278239526512605,0.029879028206424577
new_preds,OFT-0153-00,slow,3.566926339262759,1482,2.026275806824511,0.38897603770293443,0.191965988239538,0.21244056020831617,0.2178348033151149,0.0020097806060109767,0.7519043642574721,0.014892962317993825,0.09756187050837317,0.0562274164131835,0.03574378362402845
new_preds,OFT-0153-00,medium,4.308844300228,1483,1.9853801418281376,0.41625319027683255,0.20965918894179464,0.22976854631969817,0.23383263739920523,0.002142551602517846,0.8176520534815573,0.01361827970334118,0.10852087164728116,0.06106957567531117,0.035083780734111496
new_preds,OFT-0154-00,medium,3.9685300226891367,1484,1.940697543486058,0.4663860934084123,0.24031879412319296,0.2612820686620956,0.2656738580572809,0.0035104965926173646,0.8778951984134523,0.015643923250388908,0.1772592078789226,0.09645156556465576,0.03639647083036846
new_preds,OFT-0154-00,slow,3.2737213614763108,1485,2.159233664918994,0.4033593982799885,0.186806738350442,0.21000610768945335,0.21189497540501642,0.001181194536868533,0.7770480283477504,0.014493810582016634,0.0627802498999059,0.03863703024096127,0.030571566435152225
new_preds,OFT-0154-00,fast,5.072392950182064,1486,1.6974745216336828,0.41794202376702927,0.24621401879115903,0.2452612738475029,0.2660479803170924,0.012480134142853129,0.6913097404238571,0.014782996279552168,0.35214720680630895,0.18346510154293055,0.06802456727680603
new_preds,OFT-0155-00,fast,5.55663278467757,1487,1.730635790671646,0.46271581189431066,0.26736752723386953,0.287045419446447,0.2899179764233326,0.005228080680028077,0.8767363835936233,0.015167234269281848,0.2700125527227656,0.14258989349602372,0.036665155936692444
new_preds,OFT-0155-00,slow,3.6976926281669438,1488,1.979899783143132,0.4221537414333223,0.21321975234683063,0.2381532651665202,0.24157759630075704,0.001972644278572923,0.848341677051795,0.015504562865204697,0.09152711973499567,0.05351584130010018,0.03686094118395612
new_preds,OFT-0155-00,medium,4.665752169611061,1489,1.346406708838914,0.4114461198603595,0.30558828707499075,0.3230088344728163,0.3189741444128548,0.007917526376989288,0.8268016681671962,0.015575950552671355,0.4249869195957904,0.22028143507423087,0.035942776450140816
new_preds,OFT-0156-00,fast,5.496757697810816,1490,2.056288467415505,0.4562751845451346,0.22189259521482163,0.24895400104624243,0.24842906815102267,0.0016429795362289618,0.8885829677541164,0.013299309704043829,0.10123641853005405,0.05726786411704894,0.02868938036297111
new_preds,OFT-0156-00,medium,4.594442200902142,1491,1.4117811145998758,0.4357006284588086,0.30861769147711965,0.3227510311746209,0.32158554050885246,0.007588439958103558,0.8342276565068171,0.014002458647449862,0.44219367928695286,0.22809806896720136,0.033268321790109995
new_preds,OFT-0156-00,slow,3.6341709629116603,1492,2.0003165198313777,0.4143763039219916,0.20715536756998967,0.23153765080444594,0.23326914163079898,0.0016461543791664766,0.816746544889355,0.013510160620482626,0.1003290785669555,0.056919619593719065,0.028920684834445477
new_preds,OFT-0157-00,fast,4.7747404280908965,1493,1.4659092848820152,0.35339475164700673,0.24107545759589755,0.25279162447464487,0.26568826805677304,0.010666774369978973,0.7177850100555019,0.020732714632407917,0.2712769783512559,0.14600484649183193,0.07305767326412492
new_preds,OFT-0157-00,medium,3.982456198182235,1494,1.4291593583510034,0.3987845941964439,0.2790343791028109,0.2924621973951483,0.29382797205599376,0.0072198331364168675,0.7875408114569626,0.01543169606705394,0.36582028329762684,0.1906259896823404,0.03787433785103497
new_preds,OFT-0157-00,slow,3.3703684370944416,1495,1.654779644574768,0.3966464838833174,0.23969746375823014,0.2563185268969704,0.25824332103058495,0.005281545232969771,0.7674136226395972,0.01539528456436604,0.24917391265853123,0.13228459861144864,0.03992562466385771
new_preds,OFT-0158-00,fast,4.755919138733754,1496,2.0851634003157677,0.39213008978689423,0.18805724756511255,0.2106694633276499,0.211335683227041,0.0011794820575743326,0.760749202091918,0.011015812804340289,0.08132091441750847,0.04616836361092438,0.025547408773553392
new_preds,OFT-0158-00,medium,4.085769084789955,1497,2.035399908038473,0.4146813527377872,0.20373458360692281,0.22712447323573526,0.226761679057435,0.0017820391987519286,0.792860322397125,0.012578074835196237,0.11319128256205044,0.06288467869862334,0.028338209491256264
new_preds,OFT-0158-00,slow,3.30767958257969,1498,1.9507024636909274,0.44513222657068,0.22819073377722843,0.254882263053981,0.2555384372808081,0.0019670452720084047,0.8817541160395523,0.013814090198917673,0.12369842999516123,0.06875626009703945,0.028608962576385143
new_preds,OFT-0159-00,fast,5.4639329159463275,1499,1.8435992218538493,0.28581178189183787,0.1550292376476689,0.16885374236248513,0.17201753157961547,0.001756119011570914,0.5669597922518369,0.00902096776195634,0.10777134368739572,0.058396155724676026,0.030072510592145774
new_preds,OFT-0159-00,slow,3.592691461822124,1500,1.6434338490398759,0.33450642934609,0.2035411583748958,0.20691008861500698,0.21458923944975156,0.0051175290955792095,0.6126231741342432,0.012268933228684241,0.24963763252667365,0.13095328287767893,0.03907904393935202
new_preds,OFT-0159-00,medium,4.52344892821507,1501,1.7440158907888743,0.44068421726427104,0.25268360201978174,0.2718106144813449,0.27268258126176825,0.004193312706231613,0.8495468424134381,0.014776204944792867,0.23621835563690902,0.12549728029085094,0.033413574354067624
new_preds,OFT-0160-00,slow,3.5908839291990096,1502,1.7439373535417055,0.4270239604786419,0.24486198406807036,0.2668457610419309,0.2668259844532041,0.004911751286080088,0.8305249948391902,0.018405896295135997,0.216686282057161,0.1175460891761485,0.04178574821591547
new_preds,OFT-0160-00,medium,4.526853827314066,1503,1.3790508928512182,0.44128015548049765,0.3199883033817129,0.33321457700978674,0.3358453010584873,0.009141414569038412,0.87546241622656,0.017583558108137363,0.438411750672508,0.22799765439032268,0.04009433602939039
new_preds,OFT-0160-00,fast,5.698042403882571,1504,1.768453045400268,0.3858494314682375,0.21818471939180334,0.2389735543361151,0.2382918902447887,0.0031438528993399254,0.7785365676811803,0.014778613819550864,0.16011219920535946,0.08744540651245516,0.03595217890481343
new_preds,OFT-0161-00,fast,5.62437311244579,1505,1.284354752290732,0.4317367868115485,0.3361507294160879,0.3271627426016764,0.35531662811296383,0.018692119109753325,0.7779375342119921,0.02145513599209927,0.5743111570482369,0.29788314652016806,0.06274983774044357
new_preds,OFT-0161-00,medium,4.315285192289012,1506,1.737639733565359,0.42318813297032726,0.24354192920186787,0.26217276973441356,0.2623731445367038,0.004575983550874033,0.8116079063075101,0.015701101939718475,0.23210582689359865,0.12390346441665856,0.03693184506517157
new_preds,OFT-0161-00,slow,3.4909129551545584,1507,1.2496983373481219,0.39664138696317436,0.31738970526667515,0.32564099641983113,0.32568940447365546,0.011393695493936184,0.7573621705367286,0.016420691167513515,0.5240081047167718,0.2702143979421427,0.04216539007805113
new_preds,OFT-0162-00,fast,5.177568672107624,1508,1.2272152751734806,0.3292428358892966,0.26828449950865746,0.275273585996206,0.2752407328006263,0.0072595552940674535,0.6550686853227781,0.011052142410805132,0.43023678319729874,0.22064446280405195,0.03290159744690469
new_preds,OFT-0162-00,slow,3.439137767840706,1509,1.7036771825978543,0.27861607697884216,0.16353806919805905,0.1702727181958203,0.17474746243908912,0.00333703563546864,0.5320931329645832,0.009989817944258659,0.16627129413831743,0.08813055604128804,0.03786468377557134
new_preds,OFT-0162-00,medium,4.19622683884525,1510,1.647704001822254,0.39329570855881174,0.2386931804036721,0.25970806434294336,0.2573652126286401,0.0043127185722059355,0.783524136547803,0.014760010822491757,0.22947711974975737,0.12211856528612457,0.03531583066097451
new_preds,OFT-0163-00,fast,4.777442371091728,1511,1.3090064903333494,0.3785647721848491,0.2892000727119729,0.2939005305486485,0.29965633644616463,0.008145336883335175,0.7294915313991754,0.012956958144543607,0.45088881415727516,0.2319228861509094,0.03512088443930068
new_preds,OFT-0163-00,medium,3.9414868591410404,1512,1.8850085174298983,0.29078469890728825,0.15426174270223278,0.17139411918034284,0.17241768901598814,0.0015075867536320574,0.5903369586812756,0.010793488627953346,0.08267041484859797,0.04673195173827566,0.032260299378792545
new_preds,OFT-0163-00,slow,3.348664468559403,1513,1.7536904261645445,0.3462483896472093,0.1974398585299237,0.21550563339424716,0.21412714153150786,0.003371430440915512,0.686348379473326,0.014275695912586626,0.1601681938515095,0.08722194488204806,0.03865346554098012
new_preds,OFT-0164-00,fast,4.539902767645578,1514,1.9619390365102893,0.33834774544127055,0.17245578947401513,0.19023587876064618,0.19063314604252907,0.0019432306990828476,0.6524652105738767,0.011523921411559342,0.10683677319516931,0.05918034730336433,0.03283574341194137
new_preds,OFT-0164-00,medium,3.7002523583436333,1515,2.0060073028631162,0.4154690744763533,0.2071124436503129,0.2301352878880484,0.23077704973428273,0.002248937449907869,0.8060267691745401,0.015319493395094783,0.10903288999472924,0.06217619169491201,0.036170395590373605
new_preds,OFT-0164-00,slow,3.1215090623102286,1516,2.09925480452593,0.36728041411368356,0.17495751984077307,0.19613008491220296,0.1976035345938173,0.0013813680841726873,0.7092233057875426,0.013635681183108787,0.07175117144472336,0.04269342631391607,0.032355521761494824
new_preds,OFT-0165-00,fast,4.989676116755494,1517,1.8146416849415816,0.4267472678824126,0.23516888839470848,0.2538955254903888,0.2595909548236895,0.010175894144143513,0.7804916816195985,0.020044869758353373,0.2257522978005903,0.12289858377947184,0.08279911640318859
new_preds,OFT-0165-00,slow,3.3979881626926414,1518,2.0855992613086616,0.3615105220211177,0.17333652189456514,0.19584116091895215,0.19532557630412367,0.0010372388991632595,0.7127079948914973,0.011887315593464074,0.061800538257412545,0.03684392692543831,0.02815223527237848
new_preds,OFT-0165-00,medium,4.152839069921282,1519,1.9393666510887508,0.42043126344057136,0.21678792053299634,0.24238897480979651,0.24239577387373995,0.001794444150258784,0.842203688060575,0.0136980678434547,0.11127715353148435,0.062487610687469525,0.02871679890648498
new_preds,OFT-0166-00,fast,4.77807340434093,1520,1.9545201021510252,0.42515672251613146,0.21752486559142062,0.23809847509839194,0.23986793789195943,0.002544704681755826,0.8133967393384446,0.013755873378196028,0.14421807342964157,0.0789869734039188,0.03221676400667828
new_preds,OFT-0166-00,medium,3.844280815275515,1521,2.0415306180199,0.4558027095721154,0.22326518424406624,0.24881337837846124,0.2495637158529633,0.0018842818850129028,0.8815720294792847,0.015069942143284921,0.11080324613270666,0.0629365941379958,0.02993936851557928
new_preds,OFT-0166-00,slow,3.176233413059767,1522,1.1760608654843754,0.35035681946948943,0.29790704694964115,0.29766970997007086,0.3002469271702424,0.009550999005416807,0.6614277023924039,0.011714660719466677,0.5351597119412014,0.27343718633033404,0.034929407859977155
new_preds,OFT-0167-00,fast,5.099176008944416,1523,1.8736791868787754,0.42861008078342494,0.22875318452857182,0.24368850425264332,0.25151664296264953,0.0037693075892012854,0.812738425637775,0.014005003447391185,0.18442844956734644,0.09921672650736882,0.037990646556166505
new_preds,OFT-0167-00,medium,4.225645896820418,1524,1.7963563355134904,0.35038566100663904,0.1950535392558854,0.21165209948683694,0.2141597569403605,0.0028884821461407613,0.6950923090408927,0.012658752315046562,0.1472406743968385,0.07994971335594253,0.03612873673831709
new_preds,OFT-0167-00,slow,3.4457547676070837,1525,1.8281750798097396,0.4239393887441596,0.2318921165845229,0.2507975236836376,0.2538217905728207,0.004706882190842111,0.7819116023410927,0.015937617184745786,0.22103600070122947,0.11848680894298763,0.03972494687663438
new_preds,OFT-0168-00,medium,4.377797652539387,1526,1.6655540993440436,0.38794133461334224,0.23292028446636934,0.24800823448882184,0.2527952514313682,0.0034693962494286553,0.7740234929977754,0.012297192525231182,0.21940158116652847,0.11584938684587982,0.029947471832925322
new_preds,OFT-0168-00,slow,3.498736005965966,1527,1.8595371815382151,0.3730979427207322,0.20064021651457617,0.2195802276783534,0.22233777821263428,0.0023069571770684702,0.735063610970593,0.012012609885367035,0.13940655112835404,0.07570958050686054,0.030471139340937464
new_preds,OFT-0168-00,fast,5.3884920468885875,1528,1.7041302111212944,0.4036657236537641,0.23687492952088302,0.2541836346148571,0.2569870022534602,0.003520415634172812,0.7840542695576562,0.011906995053478111,0.23141343490466537,0.12166021497907174,0.028936457450600445
new_preds,OFT-0169-00,fast,4.6113414673423,1529,1.244297300115834,0.38259520884610737,0.3074789351471637,0.31464882550794787,0.3143963191424471,0.009488280727758517,0.7327731707789825,0.013636316051664404,0.5115761098797212,0.2626062129656928,0.036131211903193156
new_preds,OFT-0169-00,medium,3.8159766241352924,1530,1.0895374616640956,0.37768464721671097,0.34664677489827433,0.34632878547241935,0.3506470492415905,0.012583251339973482,0.7204536104390912,0.013839961748665839,0.6552292122245857,0.3345345869866258,0.037614201429272666
new_preds,OFT-0169-00,slow,3.2069533882382744,1531,1.7395966576848176,0.3883025003301671,0.22321409886297922,0.24146490460386769,0.24273772225017273,0.003888019529931575,0.760569173675047,0.015071633298617593,0.1958717696819147,0.10547170149026615,0.03686315357575222
new_preds,OFT-0170-00,fast,4.915607054306066,1532,1.8972352691501662,0.3682231450781591,0.1940840712091012,0.21055004298292876,0.22766427266868594,0.0017071502978008187,0.7612480660836972,0.01336674175212503,0.0870838636373108,0.050225302694717915,0.03398984587862635
new_preds,OFT-0170-00,slow,3.3254988665594736,1533,2.0460923683101226,0.3522942263637884,0.17217904324365857,0.1942804100688467,0.19452898332416324,0.001100486485121438,0.7022525264099565,0.012129895164105106,0.06329085647551601,0.03771037581981056,0.029182591294762823
new_preds,OFT-0170-00,medium,4.129981954089042,1534,2.19197414004996,0.37357370131303147,0.17042796923896048,0.1877066879107653,0.19688814787336256,0.0016096225429376328,0.6922997733136517,0.013137080028309805,0.0762382671079781,0.04468767356814395,0.03601938553554661
new_preds,OFT-0171-00,fast,5.482213385411963,1535,0.9341662301599338,0.2496797628558178,0.2672755177770357,0.26200958673545116,0.26471411972113607,0.009144627371114157,0.4728252005165819,0.007640090553309889,0.5706942752065279,0.28916718287991894,0.03162401514597735
new_preds,OFT-0171-00,medium,4.41544694378542,1536,1.9453975055305204,0.3005175446550972,0.15447616428044328,0.16962454646506234,0.17265958782658244,0.0017868573687202867,0.5774149230502105,0.010185922011009664,0.10153764487915974,0.0558617834450847,0.03198711638837791
new_preds,OFT-0171-00,slow,3.496494575748508,1537,1.3159992599996917,0.337688472542378,0.25660232707308445,0.26385563577256665,0.2609888948494362,0.008819843189606604,0.6250931442339926,0.013056330983318746,0.4199830626200666,0.2165196968016927,0.04073459976107657
new_preds,OFT-0172-00,slow,3.298314966350493,1538,1.3321038059540111,0.34888986255375065,0.26190891505177155,0.2721293632396905,0.27242810766343717,0.007105385332634955,0.6885085487051409,0.012555278235357173,0.38295692168494266,0.19775609996014992,0.035930043796711046
new_preds,OFT-0172-00,medium,3.9757208147381267,1539,1.579931165408228,0.4072835828107556,0.25778565024098393,0.2757033436293967,0.2722418124591416,0.0055663974482708855,0.7686117095277184,0.013490037697055887,0.3182234225757764,0.16585673013641614,0.033561480705019076
new_preds,OFT-0172-00,fast,5.040346839138333,1540,1.8726532170450316,0.4385376613494101,0.23417985634382651,0.2587837385040006,0.25022099026941647,0.015835318677541652,0.7363626382300477,0.016116813528073717,0.27058355744243484,0.14335018548525427,0.11046597968420874
new_preds,OFT-0173-00,medium,4.075069919537091,1541,2.0408027000448854,0.44460236028257993,0.21785661116226537,0.24340077731890228,0.2418035855408869,0.002190074099603021,0.8480170586052113,0.015503860799756375,0.11908832570464815,0.06729609325220226,0.032543852009289574
new_preds,OFT-0173-00,fast,5.10096662880129,1542,1.7346550811934613,0.3758459709224577,0.21666899373670967,0.23263209040688232,0.2355487766998602,0.0032817319672606856,0.72723657444139,0.011629615363141136,0.2041165417679207,0.10787307856553092,0.030422159179105037
new_preds,OFT-0173-00,slow,3.249606507169398,1543,2.0679713244695654,0.39383316655482786,0.1904442106593746,0.2127460593041847,0.21379095006656018,0.0017064104997898508,0.7543160546830991,0.01402460256496356,0.09342425283737271,0.053724427701168136,0.03176228343057339
new_preds,OFT-0174-00,slow,3.3356327815370403,1544,1.3766992500296507,0.3571604428939388,0.25943243804792254,0.2702085328385147,0.2682588237408436,0.007536627440272505,0.6799098729103679,0.015115034834335359,0.3840322194297224,0.19957362713202886,0.03776364416770666
new_preds,OFT-0174-00,medium,4.192875840554317,1545,1.7462171446884331,0.4187027552139093,0.2397770268649011,0.2551183312815636,0.2612237566822765,0.004287102652371278,0.7979876926450862,0.013978166347802232,0.23231800998884852,0.12314808816832537,0.03481257984704917
new_preds,OFT-0174-00,fast,5.274885546944167,1546,1.62926624262494,0.39427656557875707,0.24199640013625462,0.25819112167699987,0.2700363960620842,0.007638666470473688,0.7948949923018657,0.016069328243642135,0.2255226962502883,0.12079601224696522,0.06323608145984634
new_preds,OFT-0175-00,fast,5.268583550808428,1547,1.3855102982031484,0.4334237036849852,0.31282604268411945,0.3259998402671521,0.3284991998347768,0.007308572261605388,0.8643073839068275,0.014830024787811981,0.425157020280666,0.21999352253423898,0.03322176115648091
new_preds,OFT-0175-00,medium,4.3718770040753885,1548,1.8788400653433712,0.3953558350793251,0.21042548664570396,0.23201017563058568,0.23406582687453809,0.0028509338016221527,0.7841575602119275,0.014892337757214396,0.13226628902886223,0.07357931339303832,0.03874640398440974
new_preds,OFT-0175-00,slow,3.5810687103137813,1549,1.9241672809659727,0.3316651262355225,0.17236813530527326,0.18408121061409188,0.19159375401520257,0.0032588415577631752,0.630310041881641,0.013045478094940036,0.12250667515187348,0.06777607662340676,0.04808247570703614
new_preds,OFT-0176-00,fast,6.146263796473631,1550,1.5034883104457222,0.3521864069899884,0.23424618904125677,0.2478538041654858,0.2462568353380639,0.004985485119557019,0.6986407899304643,0.012303475625077288,0.2800251144642943,0.14616429504468578,0.03410877545732247
new_preds,OFT-0176-00,slow,3.689450270518842,1551,1.9913036668067383,0.39171129133881294,0.1967109777721459,0.21560613189775146,0.2170878281587311,0.0031270303014968516,0.7366585262161225,0.015353763650352428,0.12920474770394547,0.07227925567714895,0.043263177964427496
new_preds,OFT-0176-00,medium,4.684890528673225,1552,1.3682673921337976,0.32162573565556607,0.23506058647936817,0.24690194665462084,0.242283999453247,0.0063656829826681405,0.6288990838294993,0.011751221364879908,0.3365089323285242,0.17413007684670204,0.03655705606948226
new_preds,OFT-0177-00,fast,5.445348554352678,1553,1.8356601888178417,0.3702836624711349,0.20171688895731635,0.21797298391505215,0.22009497627230806,0.003131021202938547,0.7044762390526085,0.012611320632931106,0.17093236169769668,0.0917718411653139,0.03411745000624384
new_preds,OFT-0177-00,slow,3.5013017893537346,1554,1.7290066755560118,0.4466870630201728,0.25834895222514265,0.2748431975407172,0.27766182788070487,0.005595741821948272,0.8535689914671765,0.017408338384337405,0.2509917926246235,0.13420006550448046,0.041697012597668594
new_preds,OFT-0177-00,medium,4.365033763141214,1555,1.689128909066392,0.4229407618443244,0.25038986638272054,0.26751260508818847,0.2686474707003304,0.005018933302364715,0.8103705686203918,0.015206499381638967,0.2572389119572884,0.13622270566946368,0.036843588428957345
new_preds,OFT-0178-00,fast,5.102067384549368,1556,1.6416661089501603,0.44989592979502746,0.2740483752099471,0.28992255382848453,0.2925541027709192,0.005178811646601291,0.8528642424783667,0.013853771203806792,0.3122204528035541,0.16303711200368043,0.03176461839243315
new_preds,OFT-0178-00,slow,3.4582047465731116,1557,1.9671775955837294,0.41798909092743725,0.2124816243667138,0.23706880068012554,0.23618094030054876,0.0022439207140999115,0.8192807676007039,0.01597151931054604,0.11518402312186703,0.06557777121620653,0.0342177032321184
new_preds,OFT-0178-00,medium,4.074897262848618,1558,1.5856849183232367,0.3858566267234864,0.24333751444864965,0.26032672291556713,0.25929588592332203,0.004968967774739926,0.7512755750888874,0.013289424723904306,0.275075646344485,0.14418253553419466,0.03446303504325234
new_preds,OFT-0179-00,fast,5.185649087755626,1559,1.9196854740781235,0.4315045628465422,0.22477878208343505,0.23220630353747929,0.2398583591449257,0.013985364625363851,0.7070235800074166,0.015977049441617135,0.2654920246408963,0.1407345370412567,0.09937407632402274
new_preds,OFT-0179-00,medium,4.187535664473216,1560,1.686610266212113,0.44870541394419383,0.26603977393777073,0.2881431279740232,0.2890324724341985,0.005120517128598689,0.8848406070656669,0.017738189942421125,0.2477926016176077,0.1327653957800144,0.038568160765950855
new_preds,OFT-0179-00,slow,3.4150496648426856,1561,1.6241500939880849,0.2528829164022893,0.15570169120351296,0.170912666600497,0.1675081237080627,0.003194582915275944,0.5157864553938724,0.012149080060301094,0.14026725904399073,0.07620816955214592,0.041919166069066004
new_preds,OFT-0180-00,medium,4.544749863460363,1562,2.012797644388617,0.4022280871068094,0.1998353327907363,0.22396342871510302,0.2247182092173587,0.0022458911437713155,0.7711877333007638,0.014609553197628352,0.11249453067881846,0.0635520419382234,0.035339401776491516
new_preds,OFT-0180-00,slow,3.669430301879769,1563,1.9941951224453156,0.43539267411665006,0.21833002659376893,0.23961907428385262,0.24505491174816635,0.0046629747785689344,0.7920948435368307,0.02238746928997976,0.16270614253113705,0.0925468059105584,0.0503850428190407
new_preds,OFT-0180-00,fast,5.559447091892875,1564,1.9781723463768661,0.4786234551823218,0.2419523536758299,0.2693650733040338,0.2495392331029311,0.016275750313811732,0.7570632453193656,0.0166918498764689,0.296114119946919,0.15640298491169394,0.10406291365219864
new_preds,OFT-0181-00,fast,5.782039046747723,1565,1.846013347838832,0.3492399216915359,0.18918602192145503,0.1980864127784375,0.2040155268108641,0.004673094879783881,0.5943159407721856,0.011580163218478861,0.22620183870041208,0.11889100095944546,0.0393057072618802
new_preds,OFT-0181-00,medium,4.636816723099795,1566,2.0793237153345983,0.4413583675610978,0.2122605365899344,0.23665869617214264,0.23817348968772956,0.0018779120982239175,0.8464992054516249,0.014637169490804807,0.10057677480466562,0.05760697214773521,0.032598694710215675
new_preds,OFT-0181-00,slow,3.5784247020923496,1567,1.871700293781545,0.4027079105665699,0.21515619349129186,0.23742165920064195,0.2382958158341021,0.0027864747995437226,0.7926930728844803,0.015412665087327124,0.14350841973145528,0.07946054240939121,0.035067402198029764
new_preds,OFT-0182-00,slow,3.6016781286551014,1568,2.0745485198000226,0.4041010323829836,0.19478986802484485,0.2181395349937221,0.21827218589674147,0.0017193838293157035,0.7837137983034589,0.013632505215503653,0.08474936693017066,0.04919093607283716,0.03495326510497395
new_preds,OFT-0182-00,medium,4.498999954905513,1569,1.3971543923279863,0.4661390219858024,0.3336345822233044,0.3482557395911139,0.34947824138156164,0.008124479186650933,0.9117236062923577,0.015886942309117972,0.4650555209863399,0.24047123164772893,0.03378565964411345
new_preds,OFT-0182-00,fast,5.580596944517659,1570,2.009524196269172,0.3247071643915063,0.16158410284103514,0.18239850411343295,0.18251694901405296,0.0012125390211670597,0.6498495261549594,0.010842323517561286,0.06599355344568832,0.0384179384816248,0.0315617929823854
new_preds,OFT-0183-00,medium,4.575679533667085,1571,1.9669672072452469,0.3945475101351813,0.2005867249244832,0.21959397521953428,0.22137890270170402,0.00327365682851327,0.7370441260774464,0.013640997541919348,0.1453685118554028,0.07950475469866108,0.04117561070304643
new_preds,OFT-0183-00,fast,5.616824115735604,1572,2.1367455960255324,0.41734950714592556,0.1953201672310542,0.2166147872158829,0.22155726937161296,0.0016100745111701708,0.7906763786613935,0.013550262287316673,0.08645862342177232,0.0500044428545445,0.03219862914688678
new_preds,OFT-0183-00,slow,3.6231429771459758,1573,2.0227852105947446,0.38914633490857636,0.19238144162333407,0.21565619405321734,0.21752124934639128,0.001597265485932852,0.7677895632163052,0.013636889106151219,0.08488449532756832,0.049260692216859775,0.03242474707625359
new_preds,OFT-0184-00,slow,3.76494234005975,1574,2.0868392392043176,0.3719249464169323,0.17822405263892874,0.19808656001413966,0.20049380995737737,0.0022165223154739988,0.7042995149164463,0.012009834781207788,0.09122078543158861,0.0516153101063982,0.042943117282545205
new_preds,OFT-0184-00,medium,4.8327028970909085,1575,2.0916624975363,0.41339579601884824,0.19763981832909153,0.22325537298495768,0.22291697416381845,0.001332380553844519,0.812852662601436,0.012446018237089986,0.0718062007688738,0.042126109502981894,0.03162837892139569
new_preds,OFT-0184-00,fast,6.129153950427162,1576,1.3287685367425925,0.38778432568248355,0.2918373779628443,0.29816440856799037,0.30261120443913303,0.0064155184899320926,0.7497819931054897,0.010808890421130177,0.4483165836946451,0.22956273705788766,0.027946689310967415
new_preds,OFT-0185-00,slow,3.836756896698055,1577,1.9162283999257979,0.40286095822724055,0.2102363988775245,0.23253437204712507,0.2324141992467837,0.002644804480256302,0.7750012646990074,0.014366724261240608,0.1452450817444517,0.07980590300284615,0.0331404618047111
new_preds,OFT-0185-00,fast,5.8524482375346825,1578,2.6207161695358416,0.42682808665633415,0.16286696423593638,0.18518543791358286,0.18369633873490254,0.0020806498170731964,0.6853228415266532,0.01832857400764085,0.0777163528025772,0.048022463405109024,0.04332659487959212
new_preds,OFT-0185-00,medium,4.871047901014336,1579,1.3890844513150309,0.44611928176911597,0.32116066186384834,0.33512216560498154,0.33682443318089333,0.0073676542057850136,0.8803702859028374,0.014585743765657353,0.44479827353374674,0.22969200864970205,0.03207623220806629
new_preds,OFT-0186-00,slow,3.9377237207815607,1580,1.8117722074343272,0.36447300844747815,0.2011693340652426,0.22194361079688546,0.22149819223723977,0.0024396046498292513,0.7338039674944102,0.013121674681821498,0.13696392662602727,0.07504280065392438,0.032509509620782945
new_preds,OFT-0186-00,medium,5.003046598230639,1581,1.6271028102645055,0.39055569279659197,0.2400313553223489,0.2561890285463741,0.25939488097149,0.004494175279297845,0.7646964827478857,0.013486957141641082,0.25270997485769225,0.13309846599966668,0.03376579320838378
new_preds,OFT-0186-00,fast,6.118243422082764,1582,1.6224767857952045,0.42261107643710427,0.2604728031470571,0.2680746286007341,0.27898098701948987,0.01592707088875291,0.713287275483509,0.01554271121179809,0.378203291649192,0.19687300143049502,0.08090022894467772
new_preds,OFT-0187-00,slow,3.7285710741701243,1583,1.9442067767019802,0.44120989823347434,0.22693568581316886,0.25069367840196927,0.2520006431969992,0.002742417994828159,0.8451273122275985,0.014928638155399541,0.15208148108500183,0.08350505962020069,0.03284133928292821
new_preds,OFT-0187-00,fast,5.828825106240562,1584,1.981508350939156,0.4826113695226686,0.24355757536622544,0.26348954001593383,0.264929095938927,0.010371181002250427,0.7521884517073887,0.01874794140450423,0.3124496244289796,0.16559878291674193,0.0626283648924204
new_preds,OFT-0187-00,medium,4.8118843601211205,1585,1.7749642054241277,0.44110840104547966,0.2485167868160343,0.2695708885317457,0.27146862312221653,0.0032489990587658574,0.8589061176612742,0.01298931030226801,0.21521852735655198,0.11410391882941,0.028474035704446253
new_preds,OFT-0188-00,fast,5.936729242872032,1586,1.7869698598218338,0.4001070709452772,0.22390252904722693,0.2457989847850078,0.2457866206177258,0.0025849448552033496,0.7998219370986518,0.01199575651355164,0.16930974867052567,0.09065275259203866,0.02851479719359747
new_preds,OFT-0188-00,medium,4.727474469327947,1587,2.2121060526807756,0.4162647103549927,0.18817574765483586,0.21104862193462226,0.21202094639970076,0.001559772484537691,0.7777557587563795,0.0129597344679055,0.07447220626059901,0.04371597036425226,0.03567969489276531
new_preds,OFT-0188-00,slow,3.7088675480543367,1588,2.1849192059750115,0.4047923659692214,0.18526651459800061,0.21017145790704123,0.20936874176392606,0.0009577311280956724,0.781234053923831,0.013539496186828547,0.05509770283885736,0.034318599512842954,0.027907057446713797
new_preds,OFT-0189-00,slow,3.4929360938592517,1589,1.9517839643432722,0.350030937360094,0.17933897590857137,0.2008663425028112,0.19857034487187958,0.0022052223023270945,0.6728880441400036,0.012268345612464612,0.11534027230525146,0.06380430895885804,0.0345622786033002
new_preds,OFT-0189-00,fast,5.186459053274754,1590,1.753999579332746,0.44179065915125637,0.25187614886391346,0.2695669383552822,0.26835455906222677,0.010622032658661443,0.7365374045475961,0.016061827244647827,0.3392405861484196,0.17765120669653373,0.059791503002882204
new_preds,OFT-0189-00,medium,4.342199439146329,1591,2.0766876943252477,0.4331428211435801,0.20857388538834476,0.23278432141579863,0.23379404109890006,0.001710806390692812,0.8412463473292043,0.014363974758692338,0.08925888095240711,0.05181142785554972,0.033019865722723196
new_preds,OFT-0190-00,slow,3.6663762909046027,1592,1.5663830579244207,0.3556291208286597,0.22703841121717439,0.23913426126801712,0.24253799525773007,0.004084935239813347,0.7033599177504851,0.011322824544670217,0.25368132213947137,0.1325020733420708,0.030829217511695626
new_preds,OFT-0190-00,medium,4.54219201821287,1593,1.9034402338171872,0.4128367627325194,0.21688979532843564,0.24139285659607923,0.241028316352361,0.0019445896804690687,0.8260612254435908,0.012875858374107168,0.12465099151761733,0.06876342494586225,0.02827941862989013
new_preds,OFT-0190-00,fast,5.497897568874097,1594,1.5999898279998637,0.37355538816861156,0.2334736019138263,0.23717868275023218,0.25339395212806143,0.01120754943404852,0.6490650233096315,0.015510017112116057,0.3281527109269015,0.1718313640195088,0.06522411957793733
new_preds,OFT-0191-00,medium,3.442150946273107,1595,2.0299594188740118,0.3930705381916843,0.19363467788420846,0.21688313989843072,0.21769782588206532,0.001494198478479031,0.7759046916997188,0.013926464007374701,0.08293128750499931,0.048428875756187005,0.030853462013066463
new_preds,OFT-0191-00,slow,2.9791821687402447,1596,2.006105166540024,0.3888049367546346,0.1938108446354363,0.21348258950241128,0.21613118023315492,0.001815417095250142,0.7518278457772618,0.012846217961596481,0.10625094376723576,0.05954858086441612,0.030486320058299887
new_preds,OFT-0191-00,fast,4.073927871807033,1597,1.8412502816887755,0.38350858984790687,0.20828705019730223,0.22870524403964682,0.22882645123422332,0.0025885955890653485,0.759414545881311,0.013413942382315611,0.14534188676181953,0.07937791457206757,0.03261103044871695
new_preds,OFT-0192-00,fast,5.581879849418235,1598,1.4001988655980975,0.34472937460574243,0.24620029559764758,0.259380337309189,0.25838292673442964,0.004741718948984216,0.6901219040666894,0.010098694884500967,0.3291034039944632,0.1696010494394821,0.027958075522853294
new_preds,OFT-0192-00,slow,3.416858209162628,1599,1.958740662461069,0.4220109240539828,0.21545012677877692,0.23884364379380726,0.2422474492034248,0.0022939782821088084,0.8168563450686578,0.014037733384636009,0.13189284901730822,0.07296529120097212,0.03143930825672146
new_preds,OFT-0192-00,medium,4.3673403308199275,1600,1.8935113229265605,0.3526132900139507,0.18622190728120971,0.20736722913661731,0.20538699410032313,0.0018998200473586426,0.7014631877337902,0.011624380705694933,0.11309593200436553,0.062360156355030234,0.03046528678572492
new_preds,OFT-0193-00,fast,5.890163837968196,1601,1.864000052006782,0.4427987954888618,0.23755299524382775,0.26399200102748,0.27074988707114345,0.01590831162911716,0.712309371758216,0.013459336298861358,0.31115786141163354,0.16230859885524745,0.09801274696052767
new_preds,OFT-0193-00,slow,3.637078086829104,1602,1.9333009948283382,0.3852083777423586,0.19924904542686694,0.2220163237250149,0.2216282481439661,0.002011110947929556,0.7685865437410433,0.014765101211707498,0.10461309196453339,0.059689096588120445,0.0336931041494405
new_preds,OFT-0193-00,medium,4.608790734642735,1603,1.6990125179772222,0.4339467086413615,0.2554111309067937,0.27625516795570493,0.27470123412060543,0.004629604185838733,0.8440629094530461,0.01494483246201356,0.24727496639355984,0.1311098994277867,0.035310866731223814
new_preds,OFT-0194-00,slow,3.375579787265573,1604,1.5121270891434793,0.3131446089901093,0.20708881630279183,0.21625105836084452,0.21942284527648714,0.004315844783137473,0.641306270495487,0.011901501044108356,0.2238595452320934,0.11788052313810088,0.03661202604336359
new_preds,OFT-0194-00,medium,4.059246403020045,1605,2.0113012207906444,0.40063738088973766,0.19919312768688457,0.22370233930022998,0.22397502146402995,0.001625568413167482,0.7902399323910021,0.014180752943526227,0.09144838360126878,0.0528145682723975,0.030778788246141046
new_preds,OFT-0194-00,fast,4.8747160710237685,1606,1.8391253533973453,0.4066767503184244,0.2211250851211344,0.2450531829591904,0.24397410134523548,0.002539488297647652,0.8125532289814906,0.012696040966181446,0.1494874148378628,0.08109172790202213,0.03131624351026224
new_preds,OFT-0194-01,slow,3.169856145005858,1607,1.929656018199398,0.3091410946188319,0.160205286177014,0.17708335748259083,0.177867142493776,0.0020415069336898015,0.6012038738605175,0.012286929970893591,0.09975673816386416,0.05602183406737887,0.03644127272296065
new_preds,OFT-0194-01,medium,4.018639236502318,1608,1.6091916207143866,0.3073113825499049,0.19097252222421884,0.21457496823400407,0.2060093696820885,0.0037827343056194423,0.6268012416618761,0.011284996748029368,0.1801905463441934,0.09573777154611139,0.03951140959864014
new_preds,OFT-0194-01,fast,5.1321722251356485,1609,1.9294065603209531,0.36516201914737106,0.18926131311931843,0.20374411034279327,0.20979667281621994,0.00965956006929803,0.5958741697148839,0.01326932055827327,0.22619255514884495,0.11973093785355911,0.080677227143351
new_preds,OFT-0195-00,fast,5.737275321281072,1610,1.8566495944469195,0.4547966021650311,0.24495553901247114,0.2667038632321506,0.2686594021251829,0.0028833497185170925,0.8737130439425096,0.012438793633219751,0.19570750033191778,0.10407314698256877,0.027705030568548342
new_preds,OFT-0195-00,slow,3.4409034091222295,1611,1.872919062553791,0.42360057787655986,0.22617132066506151,0.24939588011143232,0.25133619960005543,0.002715314073337113,0.8397694349182613,0.015766376172185802,0.14514878610221113,0.08045758113719846,0.03374839306574337
new_preds,OFT-0195-00,medium,4.498973771621154,1612,1.724999659836556,0.4467739358395246,0.25899943416908067,0.27751513850288145,0.28131123699565297,0.004281335825214195,0.864141973583171,0.014851961766648812,0.24660971633651044,0.13073083905157962,0.03274924154296143
new_preds,OFT-0196-00,medium,3.8488356928436454,1613,2.0458054045436764,0.4324943525055734,0.21140542084062128,0.23859605528630523,0.23663194876401256,0.0018756612402958976,0.8364612542770975,0.015596775032409084,0.10223245864515874,0.05891461683878391,0.03183694201777676
new_preds,OFT-0196-00,slow,3.1690262907054554,1614,1.9880355986356324,0.4406007780010741,0.22162620141382464,0.24805340416067,0.24781609103867658,0.001964573382917015,0.8667474615176806,0.0142676788388238,0.11301238020950186,0.06364002952416282,0.03087008911853359
new_preds,OFT-0196-00,fast,5.021435753967201,1615,1.6936281963478361,0.4393033217615386,0.25938592821544804,0.27286260202375434,0.27497871786308004,0.0055682749481867945,0.8062502481985712,0.012933072677113066,0.30275081381096636,0.15784194324403972,0.035277536716445984
new_preds,OFT-0197-00,fast,6.865403747882614,1616,1.58567281701071,0.4064849151418665,0.25634854225991377,0.26809296944295796,0.27313667869411995,0.016781384820334103,0.6571330426008553,0.0168499780546534,0.40969795000478865,0.213273964029721,0.07868463877754678
new_preds,OFT-0197-00,slow,4.010458334941007,1617,1.9391003314195117,0.3705363429410844,0.1910867307571623,0.21123411766427733,0.21386474209860806,0.0019201730781784323,0.7287384942497731,0.012074621877867427,0.1113384399147912,0.06170653089632931,0.03111782578418545
new_preds,OFT-0197-00,medium,5.382762129261573,1618,1.5531849476671045,0.3590567145971645,0.23117447483409517,0.24194042213514066,0.24704376662078034,0.004187975650335765,0.6948423976760808,0.010465013445402984,0.2791436324460959,0.14480432294574944,0.028921620329696782
new_preds,OFT-0198-00,fast,5.007487827215488,1619,1.8906039855524897,0.3829426894100996,0.20255045072180602,0.2197351963346845,0.22292548106002213,0.0024700311616249354,0.7334325433676683,0.01154915357830357,0.1529461941237742,0.08224767385103889,0.030031623339262816
new_preds,OFT-0198-00,medium,4.226154179477301,1620,1.7006264708493544,0.4058228693788357,0.2386313963325251,0.25780194814226015,0.2593683323079122,0.004261730111509951,0.7934532878997649,0.014365914348631426,0.22604038949334943,0.12020315192099043,0.03545439569098144
new_preds,OFT-0198-00,slow,3.44331531662132,1621,1.9564443624410301,0.33801692403243,0.17277103838040694,0.1925740659123334,0.19310698946383933,0.0016251395519581,0.6730789141739193,0.012289477393299554,0.08671356522846231,0.04950152131088093,0.03283009307434917
new_preds,OFT-0199-00,medium,3.874690549475962,1622,1.9536055177520268,0.38040181839784043,0.1947178255493263,0.21720480512204976,0.21581566785100753,0.00188492945743075,0.7439152045817745,0.012434785441103713,0.11347837914125311,0.06295658229117841,0.02994014904927375
new_preds,OFT-0199-00,slow,3.2313671348506525,1623,2.049947051587917,0.44238140346743765,0.2158013803940755,0.24327179963070147,0.24519222550556424,0.001461623438793572,0.8808955510071325,0.01596779707941974,0.07817056158763763,0.047069179333528686,0.031052664598985626
new_preds,OFT-0199-00,fast,4.655774051154035,1624,2.010096228575918,0.3791729375666524,0.18863422167369717,0.21010438046156413,0.2105313007375147,0.0017846886720341469,0.7353450212409727,0.011392438049740649,0.10128409667851866,0.056338267364129654,0.03167808943252044
new_preds,OFT-0200-00,fast,5.830270615092785,1625,1.367862221337616,0.4259315280910067,0.3113848174522237,0.32458674059670956,0.325609967235568,0.006621367218661649,0.8469727484494931,0.012746033736425478,0.43647247572370623,0.22460925473006585,0.029479494184775117
new_preds,OFT-0200-00,medium,4.603743312722606,1626,1.764429787497592,0.3857722903924788,0.21863850470332488,0.23838488798995558,0.23679830823523773,0.0032003564800907824,0.7586301120804084,0.012737669236479858,0.18355277386089763,0.09814522154868875,0.03260837796879516
new_preds,OFT-0200-00,slow,3.691550433230157,1627,1.827668463402144,0.36160840496873503,0.19785229772779087,0.2196463098016388,0.21812402823333035,0.0024490765460421604,0.7256724166663813,0.013086821213942255,0.13207893010527016,0.07258287565960621,0.03374179548255511
new_preds,OFT-0201-00,medium,4.32144919919023,1628,2.030547325923091,0.3871146050218414,0.19064544819011214,0.21540970998227674,0.21517475805125197,0.0012689360079594383,0.7689550426963273,0.012495315770533864,0.07809707670149266,0.04529619623601326,0.028014184708749477
new_preds,OFT-0201-00,slow,3.47328346115874,1629,2.0102307142727835,0.3592170629712036,0.1786944455781799,0.20101476607835073,0.19826359228516316,0.0017019873536654097,0.7048245818250491,0.013483559451210856,0.08502896237930621,0.04925626091525853,0.03455372620738596
new_preds,OFT-0201-00,fast,5.215881545860398,1630,1.818004753069436,0.3799163379486506,0.20897433700721477,0.22697842931895323,0.23019253857664293,0.0026841200960581453,0.7350833908534932,0.011400777124277854,0.17220006042574815,0.091800418775013,0.02923864762138461
new_preds,OFT-0202-00,fast,5.771746710744231,1631,2.0632058156453077,0.40869859018954247,0.19808910341875616,0.21025896853588,0.23655172217744586,0.008756996553643655,0.7587452766427388,0.021799574118504944,0.10835930974553017,0.06507944193201756,0.1345585686304943
new_preds,OFT-0202-00,medium,4.652564627626376,1632,1.8873935545770884,0.39535421701921103,0.20947100092635357,0.23230766823757093,0.23358932986414946,0.0020779705546154674,0.7934569215263231,0.01300916954224685,0.12228155012865737,0.06764535983545211,0.030718597102153758
new_preds,OFT-0202-00,slow,3.554460296697296,1633,2.1697582779487767,0.42660575786142396,0.19661441654446596,0.2201526308885105,0.22293649337957294,0.0017083436351436989,0.8104051056655519,0.014763481149338351,0.07457640638630907,0.04466994376782371,0.03824369343339624
new_preds,OFT-0203-00,medium,4.6365499039803275,1634,1.7556702360792829,0.3591890380235136,0.2045879861958845,0.22281645287502233,0.22269999224449327,0.0029647720018242054,0.7003609893591866,0.01153158830311287,0.18079512103322903,0.09616335466817096,0.030830580027648654
new_preds,OFT-0203-00,fast,5.940797292533743,1635,2.6308544978191604,0.4522521110900592,0.17190312556811954,0.18462655772361664,0.19570140071810374,0.007700913978115927,0.6976121647991782,0.015313529293136442,0.10716038696301747,0.06123695812807695,0.12575598484185782
new_preds,OFT-0203-00,slow,3.7053696041932445,1636,2.085861361163757,0.39782843447033694,0.19072621118422653,0.21532092044890222,0.2146671653206404,0.0014135027179608792,0.7687829967297471,0.013236477755689903,0.08302297917656322,0.048129728466126565,0.029368599470817595
new_preds,OFT-0204-00,fast,5.929090717584194,1637,1.674504849239623,0.4583047941489344,0.2736957103212011,0.29722478557905896,0.29274325802121204,0.005018785958152607,0.8768119049818323,0.014172352097751587,0.2910843401609342,0.1526283461293429,0.032882397571808206
new_preds,OFT-0204-00,medium,4.380743102337305,1638,2.066104394368441,0.4601628413172746,0.22272003417229813,0.24626248338255619,0.24507558984619673,0.0028256992479873864,0.8540917010238798,0.015389597159123056,0.13729454283069056,0.07634206999490681,0.03701365771423154
new_preds,OFT-0204-00,slow,3.58125786464472,1639,2.0771850025578167,0.4217109492630234,0.20302040922870826,0.2258645337048451,0.22497904639797725,0.0027029081015686077,0.8052177129607597,0.015445737231655286,0.098060548638007,0.05675314293483115,0.0476256989797432
new_preds,OFT-0205-00,fast,5.24732455693527,1640,2.0763416178606913,0.312675329490706,0.15058954018022502,0.16526653584350678,0.17450216431500837,0.0012828603969249034,0.6080341763105078,0.010710667861481579,0.06337335080722638,0.037042009334353976,0.034632581222723696
new_preds,OFT-0205-00,slow,3.3715658801757242,1641,1.159319082937228,0.3511322275458921,0.3028779847703968,0.3091837166521342,0.3089025042123739,0.009475160842463496,0.6877289417329454,0.012387797940368081,0.5260471599535579,0.26921747894696296,0.03519519193005349
new_preds,OFT-0205-00,medium,4.225499034016201,1642,1.6890087669413163,0.4575735715758138,0.2709124905280684,0.2943767081763392,0.2935035565002031,0.004680528522392997,0.8968431740550528,0.0159133745480108,0.25954342551068954,0.13772840002935016,0.03398375731799373
new_preds,OFT-0206-00,fast,4.952767030483,1643,1.9692650007236892,0.4701050062721114,0.23872104876659644,0.26603233292498096,0.2665964429875127,0.002053378258035913,0.9197733672999486,0.014172517794880832,0.1345769104662777,0.07437471413057926,0.027608553283725013
new_preds,OFT-0206-00,slow,3.222181804431243,1644,2.038444476472161,0.3911097864413737,0.19186678418548286,0.21717911348097213,0.21480235293447733,0.003025567101487732,0.7486271876569552,0.020559541571398006,0.0948763415400361,0.05771794155571705,0.05241987187930206
new_preds,OFT-0206-00,medium,3.950654928672711,1645,2.102177112342369,0.47823052284022427,0.22749297384717115,0.2578429773861565,0.2527688624142581,0.0016766562514332916,0.9161238112912173,0.015047999263712778,0.10249220307884781,0.058770101171280294,0.028529068659365147
new_preds,OFT-0207-00,fast,5.634174138081644,1646,1.9563889974478643,0.41458265780692416,0.2119121802196561,0.2234397006270305,0.23041444559197244,0.00924294515731769,0.6822618510688485,0.013191947525138846,0.24428721592095312,0.12873958172304598,0.07179567490907181
new_preds,OFT-0207-00,slow,3.5984511055697386,1647,2.1807952045945926,0.38299185121558865,0.17562027392975052,0.1973856479091824,0.19990489697829364,0.0009191433602888277,0.7425846105034347,0.013962689627497636,0.04870044087069987,0.031331565249098754,0.02933601794169114
new_preds,OFT-0207-00,medium,4.600583431272004,1648,1.3108721236675844,0.27568680063396517,0.21030792832991452,0.21455066326194974,0.21831287842823022,0.005438148647809801,0.5421656755279948,0.009058802198497667,0.31725852309738123,0.16315866264793943,0.03333043161517039
new_preds,OFT-0208-00,medium,4.250338074697542,1649,1.9851533559359722,0.4338934549348391,0.21856923730220548,0.2409939448911314,0.24010816919638256,0.00264047805371052,0.8185473309395638,0.014829560848778133,0.1459216881830862,0.08037562451593216,0.0328517267469209
new_preds,OFT-0208-00,slow,3.44296931848034,1650,1.9765280880780887,0.40047217359003656,0.2026139552509181,0.2275162953687947,0.22641169414782653,0.0018025428201164863,0.7913759461392521,0.014343419290244212,0.10186302192361886,0.05810322060693154,0.031023113715342804
new_preds,OFT-0208-00,fast,5.285007360263737,1651,1.3041047429736388,0.393079716082032,0.3014172889101882,0.308925336284244,0.31207676572443627,0.00760502549404125,0.7702698821723265,0.012608433007765738,0.46101702855254145,0.2368127307801536,0.03211409061070039
new_preds,OFT-0209-00,fast,5.994975818952329,1652,1.8767459502408217,0.3880638626250462,0.20677485014700597,0.22630284050793087,0.22979785673447187,0.002230647005045779,0.7654030861675729,0.011597189556434498,0.13851298409799076,0.07505508682721262,0.02972013089773705
new_preds,OFT-0209-00,medium,4.953203145604594,1653,1.7708414279754177,0.4637084744540243,0.26185770624542976,0.2842649125049298,0.28472041353219757,0.0036103360275103655,0.901631687350722,0.014369484909442988,0.22874470079834092,0.12155709285389195,0.029700743434608816
new_preds,OFT-0209-00,slow,3.8125556082612677,1654,1.984394098961966,0.43804648583481487,0.22074571077587685,0.24062980976474074,0.24405625214552668,0.0035760987862871554,0.8231881813775078,0.013655440474816479,0.1512135099943649,0.08243447523459069,0.043381106947188684
new_preds,OFT-0210-00,fast,4.94446539723875,1655,1.6820227149631557,0.44069296132239294,0.26200178951331593,0.2797413866339547,0.28176269519484687,0.004348114311838817,0.8452253432221585,0.01347151601499468,0.27430777040881027,0.14388964321190248,0.030218396646070376
new_preds,OFT-0210-00,medium,3.920567225358591,1656,1.9527152008231148,0.40445751832020105,0.20712570791158527,0.22700858758039735,0.2293487280294646,0.0029019729538816825,0.7706193639532978,0.013090523760922585,0.14055687618254703,0.07682369997173481,0.03777444922529616
new_preds,OFT-0210-00,slow,3.2659795264342426,1657,1.91772802839664,0.3181553272109313,0.16590221475614156,0.18383259215399134,0.18455506326203266,0.0020076017240760594,0.6236017667085274,0.012312119388467864,0.10181392743088997,0.05706302340967892,0.03518218285881315
new_preds,OFT-0211-00,fast,5.089253220997886,1658,1.7147118949110975,0.40117340999143986,0.23395965886866343,0.24960185541125893,0.2547953330334172,0.003547929052058429,0.7677032322162212,0.011665384327865218,0.23652896543989718,0.1240971748838812,0.028589926042863242
new_preds,OFT-0211-00,medium,4.19362175612927,1659,1.7511606703175884,0.417444350994258,0.2383815249337177,0.25818908016157704,0.26164887656059266,0.0036951663642883783,0.8127163458664954,0.013959506029931935,0.21268649450442528,0.1133230002671786,0.03260738204580168
new_preds,OFT-0211-00,slow,3.3563975223620743,1660,1.932011471768265,0.41672757345758343,0.21569622103546587,0.22971616897168312,0.23665152112257928,0.0030793263936387118,0.7786871122611686,0.01450916805870378,0.1670249536394109,0.09076706084905733,0.033925593324648146
new_preds,OFT-0212-00,fast,5.367721415415238,1661,1.6983095170583051,0.33435143750839497,0.19687308711991175,0.21437753270304416,0.21504805931611753,0.00276579085932558,0.6710204907826428,0.010429496713374491,0.17201574531854563,0.09122262101596006,0.0303191338784454
new_preds,OFT-0212-00,medium,4.394848085371656,1662,1.9312615893736642,0.40475691158733096,0.2095816091483492,0.23128151978795178,0.23318303560949705,0.0022852111523440346,0.7905170146433752,0.013912686725212049,0.12919917529195632,0.07155593100858418,0.031936013131740125
new_preds,OFT-0212-00,slow,3.4004973393930125,1663,1.6677818583525341,0.44718927848049456,0.26813415450041916,0.291327033137474,0.28740441922440996,0.005703429037413202,0.8679713091541825,0.017280417699781236,0.27110902410033766,0.14419472090005944,0.03955366050721244
new_preds,OFT-0213-00,fast,5.621191367313272,1664,1.9215071320503354,0.46629651772567504,0.2426722804968803,0.2673596548185474,0.2675532307247353,0.002760856550514802,0.9002361218118844,0.0145445569474054,0.16495970529211387,0.08975213111975963,0.0307609024551282
new_preds,OFT-0213-00,slow,3.5532971991598874,1665,1.4915360573073313,0.3006472610490912,0.20156888569750664,0.20885287943355554,0.21388144540860266,0.005281718140560947,0.5729677512842726,0.010336494390156766,0.2672287666508286,0.1387826305204927,0.0380574868825609
new_preds,OFT-0213-00,medium,4.5475902090596865,1666,1.5472101915252416,0.4038590156649128,0.26102401462776564,0.27700337313295226,0.27890223183228624,0.005246665206258802,0.7968851123264792,0.013929931391639087,0.29945185010525904,0.15669089074844905,0.03348417499701229
new_preds,OFT-0214-00,slow,4.057239056967226,1667,1.956401125454451,0.338187240144527,0.1728619124904509,0.19192463350148767,0.19218341958917748,0.0016820458009300747,0.6718524120326933,0.012939354645170079,0.08763650131004792,0.050287927977609004,0.033448301979731906
new_preds,OFT-0214-00,medium,5.115499769402269,1668,1.9900365979479,0.4352587576661618,0.2187189713571072,0.24551180979295945,0.24512045351895376,0.0020344395435945204,0.8516929593840493,0.014934526951736436,0.1144838527035759,0.06470918982765617,0.03143973134284271
new_preds,OFT-0214-00,fast,6.282411233293187,1669,1.7717476044924267,0.4359116459237038,0.2460348442511847,0.2687014645028096,0.2688925240600488,0.0033115873922359763,0.8606328565286494,0.013867831572803559,0.20126550234730947,0.10756666696005651,0.03078637170626186
new_preds,OFT-0215-00,slow,3.9299398175247893,1670,1.869016240323856,0.39192985700061356,0.20969847588520765,0.23275313909424006,0.2323614405285111,0.0022100329942999993,0.7789602798414672,0.0126477275489875,0.13609155371377907,0.07436964063138328,0.029716870695316852
new_preds,OFT-0215-00,fast,5.861223316194766,1671,1.8151824526591924,0.38417010779199023,0.21164269587841794,0.23088161574484622,0.23333317234406928,0.0024497386943384786,0.7555556699134891,0.010995842370429807,0.16383323849220077,0.08741454043131529,0.02802438452746114
new_preds,OFT-0215-00,medium,4.747663970332548,1672,1.7321865136161554,0.43869796151226925,0.2532625430713189,0.2728232288041372,0.2726674933447359,0.004368790104456887,0.8282309251765456,0.01316078005921933,0.26000738616552893,0.13658408311237413,0.03198608509062127
new_preds,OFT-0216-00,medium,3.769380915645344,1673,1.9879266505532567,0.40832335583436574,0.20540162068893533,0.2286358669151644,0.22890765620756637,0.0019168571361458408,0.8063517696725447,0.014448519341515462,0.10035020417825018,0.05739936175988282,0.03339509495183199
new_preds,OFT-0216-00,fast,4.686949850456047,1674,1.9208218303393343,0.4561061344762166,0.23745363951618587,0.2591093023384462,0.26313569107697,0.0035948166946720966,0.8669067274910075,0.015571752771617061,0.17306750858746223,0.09431963067953965,0.038113133700510816
new_preds,OFT-0216-00,slow,3.1085478056036453,1675,2.2512455598787375,0.3197005374102847,0.142010513250054,0.1620354499586007,0.15767442314466185,0.0009938832280692402,0.5886346420026103,0.010056668291715245,0.057201871557936684,0.03362926992482596,0.029554112542167648
new_preds,OFT-0217-00,fast,5.222776297425536,1676,1.709256051579175,0.4049866101936365,0.23693735635422847,0.24927008717324906,0.25984101621832334,0.010195667177919664,0.7350438414586233,0.014951467229618844,0.27158307647045626,0.14326727185003754,0.07116536139943948
new_preds,OFT-0217-00,slow,3.421596999146949,1677,1.8352216102379062,0.3750224389350624,0.20434722261495541,0.22287578794395393,0.2217012161614289,0.004914978474340496,0.7059169130740922,0.013831142218011013,0.17806346485343147,0.09594730353572124,0.051225811390422725
new_preds,OFT-0217-00,medium,4.274874698422263,1678,1.8290244626654204,0.4296357257406137,0.23489884061720506,0.2565243030202824,0.2568419478287879,0.003362832804793981,0.827587968184479,0.014644491008426186,0.19136851303282537,0.10300650202062578,0.0326468013069759
new_preds,OFT-0218-00,fast,5.3153422565081305,1679,1.9021022524186457,0.3883101653774226,0.20414789209342513,0.2180754528998466,0.22652086061905544,0.008493552656833376,0.6912794022500226,0.013954691534316879,0.19494505857452624,0.10444987505442156,0.08131702074710934
new_preds,OFT-0218-00,medium,4.30297906846103,1680,1.8038457631385103,0.4534912703201458,0.2514024644385984,0.272622916148374,0.27474978827398666,0.004313073063745976,0.8658072043923073,0.01658965115971254,0.21994433207940162,0.11826699161955707,0.03646895050497547
new_preds,OFT-0218-00,slow,3.5552514170423963,1681,1.6869453496714317,0.34562460864757577,0.20488192383641443,0.21987554884969374,0.22718536087003105,0.0039650348816465415,0.6848920259345858,0.014290350685590071,0.186751626249416,0.10052098846750303,0.039444845719243796
new_preds,OFT-0219-00,fast,5.724549148729071,1682,1.3999846692546107,0.3879014217456753,0.27707547822806117,0.2890127320638993,0.28944998779871817,0.006351074384677129,0.7409538140712496,0.011224935643661251,0.40518506057146353,0.20820499810756238,0.030503947755356246
new_preds,OFT-0219-00,medium,4.473117728081894,1683,1.4371692198808905,0.41598373654339604,0.28944659458951666,0.3024894258132394,0.30382664879983656,0.0066444414058338536,0.8181766290262591,0.014298628454392654,0.3819352504485206,0.19811693945145664,0.0335379772382457
new_preds,OFT-0219-00,slow,3.4852951747740977,1684,1.61376356904833,0.34527948036569084,0.21395914927569554,0.22370589339230473,0.2306176215145161,0.0050236267060954016,0.6715031271419769,0.014499550789434497,0.23047045801027272,0.1224850043998536,0.0410142182768408
new_preds,OFT-0220-00,fast,5.652380972911904,1685,1.7758204697057753,0.4519023824822563,0.25447526379574237,0.27334964762471026,0.2764751870067223,0.004043370732593615,0.8594687498878172,0.013793532860136693,0.23930896104567884,0.12655124695290776,0.031950461413455956
new_preds,OFT-0220-00,medium,4.45340815910433,1686,1.4665816352341636,0.3675721964844696,0.25063193732531686,0.26507036534448475,0.26604333221511267,0.00526538712705738,0.7340506353436045,0.012564403116310772,0.3091174532938714,0.1608409282050911,0.03273661241461746
new_preds,OFT-0220-00,slow,3.63651738928139,1687,1.3355512908261116,0.3486882184309512,0.2610818624683957,0.27142307976713526,0.2671372154473568,0.007445515877488295,0.6871512919791155,0.013517400084282934,0.3800164199139737,0.19676690999912833,0.037839268185495614
new_preds,OFT-0221-00,medium,4.249045483250131,1688,1.975596151276187,0.4436365002717871,0.22455829344737724,0.24752674808526798,0.2497742589118536,0.002223508049046537,0.8586674406380378,0.014454185280194546,0.13242714323443483,0.07344066425731469,0.030276251876698895
new_preds,OFT-0221-00,fast,5.112366219241976,1689,1.5285007760954046,0.43445804790529335,0.28423802898885525,0.30057321219068306,0.30147347183986273,0.00586980489068356,0.8419630119510978,0.013745894697108598,0.35048341387474996,0.18211465428592927,0.03223137047207452
new_preds,OFT-0221-00,slow,3.51923883265135,1690,1.8546906346930458,0.4322128315716973,0.23303769560643153,0.2576391588834316,0.25639785946384913,0.0033303361383784005,0.8464496175379551,0.015708932157435348,0.16624946457459017,0.09097919836601276,0.03660546804314908
new_preds,OFT-0222-00,fast,5.488150570718854,1691,1.5634038975313147,0.42623087781272945,0.2726300468393147,0.28949617643712666,0.28874208492733594,0.005213908666762721,0.8206895514349323,0.012840636624767704,0.32857650611750355,0.17070857137113563,0.030542746769447328
new_preds,OFT-0222-00,slow,3.327159794737516,1692,2.116733925863427,0.37727078811182096,0.17823250409610658,0.20094952310541514,0.199973389950363,0.0013637307305072643,0.7257591570384824,0.013917617824359343,0.0714086527989344,0.042663135311646866,0.03196508462271809
new_preds,OFT-0222-00,medium,4.353634837210989,1693,2.012115879222843,0.46311970882910025,0.23016552556007608,0.2537777041397611,0.2557998511482806,0.00235450147991123,0.8841442397389767,0.015355796951372517,0.13528465570455625,0.07532022632796438,0.03125988323055618
new_preds,OFT-0223-00,fast,6.097277683183187,1694,1.6547901774163871,0.3630512938665657,0.21939415571912282,0.23529361975269092,0.23549486332424086,0.0032755813579998304,0.7096943389214388,0.010389339784665799,0.22604593188610833,0.11821763583538707,0.027708060094865504
new_preds,OFT-0223-00,slow,3.8977317116778543,1695,1.4448402891990606,0.34551307947662985,0.23913582840921688,0.25139147916192417,0.24528608228348692,0.0064485760751210605,0.6754930314848299,0.012599163715498636,0.31519116789512497,0.1638951658053118,0.039345736913199814
new_preds,OFT-0223-00,medium,4.9182026376651,1696,1.5326730864977578,0.4466338311184279,0.2914084125656638,0.3047378931909008,0.30746305575478633,0.006658388734130115,0.8495017595927596,0.014739645939411633,0.3723465652727356,0.1935431056060736,0.034402613894613285
new_preds,OFT-0224-00,medium,4.505121568225949,1697,1.3405756369937285,0.441584764743187,0.3293993658824435,0.339757643417373,0.33836196573523125,0.009113882070336216,0.8298826560232836,0.014646913957982309,0.5200467109085436,0.26734681243326297,0.034090109350420214
new_preds,OFT-0224-00,fast,5.7237658422144,1698,1.8332807758029188,0.4151854192785396,0.226471266572193,0.24707218673671597,0.2512730633835386,0.0029106718588606012,0.8166223898214775,0.013401548963617619,0.16730753199798928,0.09035454048080345,0.032213896981513584
new_preds,OFT-0224-00,slow,3.6382472167895887,1699,1.993618157495398,0.34967232744855786,0.17539583803141853,0.19595009333675012,0.1954768657079634,0.0019771994978443562,0.6719420121272028,0.013126084071895564,0.10167630113730071,0.05740119260459814,0.03444526861077747
new_preds,OFT-0225-00,fast,5.763580542680478,1700,1.6126577496413272,0.42446889370404306,0.2632107735187144,0.2780558423439564,0.2816658319363101,0.004781686914325916,0.8182469291295791,0.013218624679912028,0.2972249134437049,0.15522176906180846,0.03080551744273623
new_preds,OFT-0225-00,medium,4.431919144435767,1701,1.1234278800994293,0.27505364086327266,0.24483426638737946,0.24527023107783008,0.24578633168592262,0.007718567446070815,0.5340836313639561,0.009336775385923925,0.4433077785915136,0.22632227698871876,0.034104320391118874
new_preds,OFT-0225-00,slow,3.5731127745285125,1702,1.1034375493321655,0.3342558232746125,0.3029222845252225,0.3037730968103874,0.3047344748038511,0.010552363058971517,0.6578436363762786,0.012475365860912128,0.5464845421794229,0.2794799540201675,0.03775713752339479
new_preds,OFT-0226-00,medium,4.441071294843618,1703,1.5804177425670833,0.42333828688497493,0.26786480275610147,0.28358519578470087,0.28363620571548853,0.005753728903383147,0.7983969388445052,0.014008547463218285,0.33103673787773585,0.17252264267047707,0.03335057250643283
new_preds,OFT-0226-00,fast,5.638381480137283,1704,1.3751814164449816,0.4273240407826691,0.310740121755976,0.32246570574090694,0.32121126446062753,0.007456736068593305,0.8172203173116535,0.012814036306876962,0.46376135685012687,0.2382876965785019,0.031292996556944536
new_preds,OFT-0226-00,slow,3.5173224819919953,1705,1.6737921053310083,0.3600824250424202,0.21512971885550297,0.23393221988935303,0.23366709694208818,0.004067897006582461,0.7236086266946549,0.014244917791212381,0.1910737870230206,0.10265935240711649,0.03962519645020154
new_preds,OFT-0227-00,slow,3.5364209495519274,1706,1.808700074226132,0.39225366796552225,0.21687048812299703,0.23955991812665542,0.23897759512436084,0.003265748945957071,0.7839458118822374,0.015169222492432691,0.15279275909262324,0.08398099079252797,0.038886763720435105
new_preds,OFT-0227-00,medium,4.409999327244779,1707,1.9443749235949936,0.4538763732611513,0.2334304807953243,0.2581156748882554,0.25908654780619905,0.0027075269175930675,0.8781995106792562,0.015659440103373272,0.14737839171398812,0.0815189159086807,0.03321348042245924
new_preds,OFT-0227-00,fast,5.50246405117673,1708,2.0482211083270823,0.40455040355362437,0.1975130526235263,0.20713446679744968,0.22156233010261675,0.010407654722889324,0.7090873043866939,0.013649545059387798,0.16042638179018343,0.0870379634247856,0.11957603686215801
new_preds,OFT-0228-00,fast,5.422960996631364,1709,1.5367670873305033,0.3975891550020396,0.25871790089719204,0.27708227754567466,0.2778533935865048,0.004729208225265928,0.7902382894251663,0.012695569896696988,0.2966441630940628,0.1546698664953799,0.030576144742500266
new_preds,OFT-0228-00,slow,3.5920572970217997,1710,1.9967466072643878,0.3739825479977015,0.18729594763657595,0.20846145685143005,0.21059599121706696,0.0019625108108130367,0.7327692713255349,0.013347056462699817,0.09444825212781865,0.05389765429525924,0.036411803750532726
new_preds,OFT-0228-00,medium,4.325216441701606,1711,2.059593039806106,0.4451410932631214,0.21613060670715215,0.23842241354196614,0.24150964832691246,0.0024702059076273535,0.8412519305019373,0.01452184087526153,0.1207836928217671,0.06765276684851432,0.03651300638092971
new_preds,OFT-0229-00,medium,4.506856911463331,1712,1.9044442262844632,0.37667683235974053,0.19778832436307694,0.21599660339184476,0.2179552841802393,0.002511621180877194,0.7287697818520757,0.013270635983589161,0.1360455124340974,0.07465807420884328,0.03364165507204701
new_preds,OFT-0229-00,fast,5.665374872293093,1713,1.4664965708932902,0.4002013869075177,0.27289623095657306,0.2884039396718886,0.2883500280151783,0.0054441172950222385,0.7951880919130337,0.01239596192489971,0.3422093306688086,0.17730264629685416,0.030705223011207997
new_preds,OFT-0229-00,slow,3.6404888810426566,1714,1.6248545626627262,0.29405248102339887,0.18097156987485769,0.19258465118142337,0.1939987908510711,0.004289427475985555,0.5526911863301018,0.010755082934462885,0.212691038333151,0.11172306063380695,0.038393393912157035
new_preds,OFT-0230-00,fast,5.76608330550657,1715,2.0576173484576423,0.4600887648614713,0.22360268550726725,0.2341761458521018,0.24133563559769855,0.010663746967526278,0.7541459475677723,0.017869771219209855,0.22997431595166265,0.12392204358543625,0.0860520586894156
new_preds,OFT-0230-00,slow,3.9350610687371006,1716,1.062177259448173,0.4030895939637554,0.37949371479970323,0.38200972245381903,0.3805811137901644,0.014736120442702678,0.766893439771101,0.015461364937375778,0.73268187362966,0.3740716192835179,0.039393847816970626
new_preds,OFT-0230-00,medium,4.770818484921494,1717,1.673944704230087,0.3627698138776936,0.21671553006557984,0.22914223386898092,0.2323875669081784,0.0049141830686956585,0.6824151622585587,0.013490925206422633,0.23906899163469905,0.12627995842056083,0.03891498801678045
new_preds,OFT-0231-00,medium,4.44227565016871,1718,1.6956380590210018,0.4369513879019444,0.2576914251112197,0.2754476364641867,0.27732098977399966,0.004136199235078643,0.8452131567535219,0.013630111365752085,0.2574162144858885,0.13552316292582028,0.030520238354698272
new_preds,OFT-0231-00,fast,5.389848440917462,1719,1.6900782412828563,0.4297617799085957,0.25428513864682645,0.27319552206826536,0.27420349240904984,0.003666137004398856,0.835287866076944,0.011968952994722079,0.25395591914212556,0.1329624360684238,0.0275727274018372
new_preds,OFT-0231-00,slow,3.7098909860608558,1720,1.7196327451489604,0.3515895028339815,0.20445615717995974,0.22265906077188286,0.22271332048764658,0.0028820617037379525,0.7055131684828855,0.012507762201809977,0.1704883091584166,0.09149803568011328,0.031498618328965465
new_preds,OFT-0232-00,fast,5.584421217721761,1721,1.723630621730902,0.429990899100506,0.24946812482868347,0.27129842040985436,0.27174770508195717,0.0035578474620733807,0.8539732189991603,0.013277374472737052,0.21732544551667435,0.1153014099947057,0.03085692934923126
new_preds,OFT-0232-00,slow,3.7785280018831298,1722,2.2434671983791152,0.3930998755249728,0.1752198007659679,0.19848549640891255,0.19668854009587008,0.001196337333688221,0.7315931828257061,0.013591281515059695,0.06343843876891994,0.03851486014198982,0.031061707851924546
new_preds,OFT-0232-00,medium,4.450082869870111,1723,1.658329377950614,0.4648010819667652,0.28028272799531095,0.30130414310365683,0.30066745866173783,0.006390052027857363,0.8901129129997971,0.017354576841060194,0.29953254709825633,0.15844356196965825,0.04033014625788993
new_preds,OFT-0233-00,medium,4.971878797949044,1724,1.7890824763552702,0.4546837645170911,0.25414354593834915,0.27421386441971035,0.2768495335476487,0.004248549072669015,0.8667170606967503,0.013940550003160199,0.23193813327018825,0.12293934163667422,0.034558091950946515
new_preds,OFT-0233-00,fast,6.361552451782424,1725,1.7659850256625,0.4070185535504109,0.23047678640294247,0.2511433288287855,0.25260733279351827,0.002658938980278035,0.8153314763943063,0.011897151136906974,0.18029046267401305,0.09609380690546002,0.027670242921003008
new_preds,OFT-0233-00,slow,3.9055339986391484,1726,2.0605822157738807,0.3973057066358665,0.19281235351565565,0.21430381361692621,0.21470092460635826,0.001813440861776548,0.7646994976681875,0.013654460538987808,0.0933286915537762,0.053491576046382,0.03390142889422686
new_preds,OFT-0234-00,fast,5.912862136612629,1727,1.3019158114489509,0.41705166571733854,0.32033689279277294,0.328380912723682,0.32884473376361534,0.007939680397284937,0.7913925841862497,0.012060319964626011,0.5183123730852138,0.2651863465249199,0.029940004458483063
new_preds,OFT-0234-00,medium,4.808107867968301,1728,1.4670813578779884,0.4137192093541948,0.2820015448581566,0.292442784199513,0.2959090639243115,0.006085343495363237,0.800776015739028,0.012957831603462358,0.374045820842792,0.19350182622312717,0.03144850678745647
new_preds,OFT-0234-00,slow,3.719791822805999,1729,1.4000107585619908,0.3934949929419939,0.28106569219951494,0.2939646019482847,0.2944572210764126,0.006575645466155765,0.772938550680037,0.013180369898544163,0.3877828531245623,0.20048161151155322,0.03279924486130155
new_preds,OFT-0235-00,fast,5.518927455058281,1730,1.6536061899697394,0.3634587494915656,0.21979764692234055,0.2381425583802448,0.23817945528327764,0.003153624165313831,0.7305990348238294,0.01124737045596744,0.20602110952886377,0.1086342399924156,0.029029743895976113
new_preds,OFT-0235-00,medium,4.526321222840135,1731,1.9697444766304721,0.46049328068790757,0.23378325775313089,0.2583066300628789,0.2603442565073888,0.002531757707749735,0.8874361941527071,0.015683825935875285,0.14283626468358004,0.07926004530972766,0.03194242064657273
new_preds,OFT-0235-00,slow,3.7402277234089474,1732,1.881189117344708,0.3976645857707127,0.21139000970408275,0.22390817920976863,0.2306296048056364,0.004130533006299615,0.7268873461178432,0.01584300495556117,0.19183644276994188,0.10383972386275153,0.03977796600999325
new_preds,OFT-0236-00,fast,5.700127890654379,1733,1.4117671947939818,0.4059980872102228,0.28758147144045926,0.30017591463507864,0.2996590100970096,0.00670470395407355,0.775476740353671,0.012338840600710627,0.4150139087382636,0.2136763746694871,0.03137784401501725
new_preds,OFT-0236-00,slow,3.390459537053896,1734,1.8772652146527737,0.4462938542877872,0.23773617643596268,0.2633432094324558,0.26358565007046975,0.0028825362100162633,0.8845198611958406,0.016928549602572073,0.15089259766133406,0.08391057363195306,0.03435247889806579
new_preds,OFT-0236-00,medium,4.511097033697961,1735,1.7132012918317365,0.37877878699424233,0.22109415210004663,0.24452247605927271,0.24178603285601452,0.0035870852488356386,0.763644953782132,0.013213453232378979,0.18277343358393783,0.09799344340815841,0.03660535974733384
new_preds,OFT-0237-00,medium,4.3453198030016384,1736,2.0563815737285482,0.35162422236894025,0.17099172004901278,0.1914179367263717,0.192707577128557,0.00123598062990532,0.6910400185778912,0.01227842026815736,0.06972871188006095,0.041003566074109155,0.030143247240287087
new_preds,OFT-0237-00,fast,5.545392915254838,1737,1.8073125279510678,0.43162292889306547,0.23882030485474037,0.2589849434601492,0.26067874809634684,0.003366902312580932,0.8335048194693471,0.013864653630657336,0.20094615602553864,0.10740540482809799,0.031347605997758196
new_preds,OFT-0237-00,slow,3.5390805599387143,1738,1.647247153624475,0.4314659108818563,0.2619314957882866,0.2771620120044985,0.27795856671292535,0.005895384253817891,0.804811638467885,0.01581917917351172,0.30596698880471673,0.16089308398911423,0.03664162627535167
new_preds,OFT-0238-00,slow,3.7318204305095706,1739,2.13067075396518,0.3231633343689895,0.1516721125343192,0.17115865334685698,0.17271435197018387,0.0007674008059110291,0.6353823085127658,0.010597099371211267,0.045687252364723784,0.028142175867967526,0.027268709054743465
new_preds,OFT-0238-00,fast,6.115384309975344,1740,1.8221779621740763,0.4488405441772992,0.24632091568146214,0.25498704598914324,0.2735262442663234,0.010262968024027505,0.7374653782571916,0.01803855491797114,0.3207765757745766,0.16940756534627385,0.06058152127415153
new_preds,OFT-0238-00,medium,4.8366970562553515,1741,1.4440889605851635,0.43073478899447654,0.29827441435459573,0.3086984588369849,0.31277365473362373,0.006886889805261525,0.8221316810497316,0.013569006822748832,0.41674026706058165,0.21515463694166523,0.032009023385021276
new_preds,OFT-0239-00,fast,6.183224833255279,1742,1.490305636115555,0.3798957067212129,0.2549112729060072,0.2636427275575025,0.2635248933534131,0.005547555559421657,0.7129333266158611,0.011015493415692608,0.3526409329406564,0.18182821317817452,0.030509872271502633
new_preds,OFT-0239-00,medium,5.043823919065033,1743,1.9440430913952207,0.37653142556540864,0.19368471163629183,0.2123937941282391,0.21428379172669407,0.0024358864614067504,0.7279964244413287,0.01236930867510313,0.12336058393188716,0.06786494630349514,0.03589314652240871
new_preds,OFT-0239-00,slow,3.871991055016507,1744,1.7818552177124234,0.3818169566320489,0.2142805727629387,0.23398035631543435,0.23304602627747645,0.002996747187522079,0.757970429740183,0.01370418243184344,0.16621912362676128,0.08996165302930235,0.03331138420217753
new_preds,OFT-0240-00,slow,3.99999209758972,1745,1.9654533579489233,0.3510572745945868,0.17861389240034553,0.19892809345614487,0.20098457399551312,0.0012561492138665486,0.703752003999843,0.010221554327446942,0.08544755315734638,0.04783455374239666,0.02626028917571358
new_preds,OFT-0240-00,medium,5.009504959693894,1746,2.038634338090152,0.4505835860246976,0.22102226848921644,0.24795402281346518,0.24973252872535845,0.0012387087107674165,0.8994056764750661,0.012365945695549652,0.08585940184322322,0.04911267376938643,0.025221773031211855
new_preds,OFT-0240-00,fast,5.972661873128682,1747,1.4102247351815946,0.4309746590760847,0.3056070768894775,0.3163465609258959,0.3185935273314062,0.005844547931359047,0.8211583974377338,0.010842592126411461,0.44726656115570895,0.22905457664106021,0.0255159622526021
new_preds,OFT-0241-00,slow,3.3650360333890967,1748,2.09544088431549,0.4013716163964489,0.19154518717313443,0.21184755698280439,0.21483426355669916,0.001871003107233585,0.7619168860548237,0.012297788700151633,0.0950082854419862,0.053653037071068915,0.0348722683630239
new_preds,OFT-0241-00,medium,4.303680206288293,1749,2.033463217513508,0.4350020519604914,0.21392177060984965,0.2382865603395686,0.24050698063546,0.0018444342373987186,0.8401123339158637,0.013912001531595542,0.11035845342986146,0.0621352274807285,0.02968419545853884
new_preds,OFT-0241-00,fast,5.385051718656607,1750,1.460877730819529,0.36014951973579495,0.24652954325873447,0.26054038286512715,0.26057816804982054,0.00503309602547979,0.7113655960312428,0.0113843257833812,0.31514514343336414,0.16326473460837268,0.030827821069582522
new_preds,OFT-0242-00,slow,3.939717530224698,1751,1.143505969083777,0.34422456263217194,0.30102559316588307,0.3085307367515458,0.3064370229389074,0.009411597167157382,0.6802540488442214,0.012312724103313537,0.5237234872819839,0.2680181056926487,0.03511552752316735
new_preds,OFT-0242-00,medium,4.8832005049723035,1752,1.9359955672829,0.43344933140573505,0.2238896300852928,0.2460357147875783,0.24760618918243044,0.0023382129035109315,0.8463006886057661,0.014124070658515496,0.1375753988335996,0.07584973474605755,0.030826909432698644
new_preds,OFT-0242-00,fast,5.796974120464047,1753,1.7578556381771748,0.36901019855915684,0.2099206502200633,0.23008166510644873,0.2312408005604281,0.002629288818202061,0.7381640303607387,0.011528813596632846,0.16690524227422648,0.08921702793542967,0.029470706198652954
new_preds,OFT-0243-00,medium,4.152185950095547,1754,1.5474024004039797,0.34333257737555734,0.2218767253339685,0.23260265683476122,0.23701697897995186,0.005252893630029402,0.66391666007854,0.013092239218636432,0.2659730344294629,0.13953263682404968,0.03764634389195474
new_preds,OFT-0243-00,fast,5.27662356484472,1755,1.1979631635227221,0.3200897601949892,0.2671949939209612,0.27413796023523224,0.27438069332904447,0.008239340726248963,0.6391283195773839,0.012097977876314742,0.43576172064091123,0.22392984925861298,0.03679429407704143
new_preds,OFT-0243-00,slow,3.324333184437133,1756,1.9752796410818276,0.35841671716758255,0.18145112707752292,0.2019306238897829,0.20283326216560274,0.0021933584731355276,0.698287259737211,0.01401128737119996,0.09979539777357514,0.05690334257238755,0.038545336248838546
new_preds,OFT-0244-00,medium,4.750568688650976,1757,1.2620447060744104,0.38483770864615907,0.30493191468882,0.3101671439474055,0.3133948518856454,0.007834893379465328,0.7499254984524852,0.012027094624039954,0.4898930692779592,0.2509600819509996,0.031219679713824385
new_preds,OFT-0244-00,fast,6.033716909954534,1758,2.1256337419861495,0.40580141153047555,0.19090843521861997,0.21485927141183084,0.21512211253511204,0.0012663150946566582,0.778346683266228,0.011871844493244956,0.07959538617627802,0.04573361533476149,0.027688934832452435
new_preds,OFT-0244-00,slow,3.7106334317267873,1759,1.9438819889508492,0.38309119018472315,0.19707533294831592,0.22025785342344,0.21932135898891775,0.002296411342740157,0.7526872339370578,0.01376496629663813,0.11256064883503131,0.06316280756583471,0.03635701817634694
new_preds,OFT-0245-00,slow,3.9846189122137234,1760,1.6273296114127662,0.38509344130919404,0.23664132859653134,0.2527330472581087,0.2551287125396804,0.004494380401321675,0.7535424482572562,0.013627996315117144,0.2491265457687616,0.13137727104193936,0.03420972566774462
new_preds,OFT-0245-00,medium,4.986547674649175,1761,2.133460416663007,0.3982351819895621,0.18666162206676915,0.2074566614627069,0.2119251061857822,0.00162249902479028,0.7599152326154262,0.013113406306283203,0.07778213028197362,0.04544776829412841,0.03570030137211155
new_preds,OFT-0245-00,fast,5.979607942176747,1762,1.9629864763028606,0.4247331172096244,0.21637088300759857,0.22610722794264515,0.23275764083681422,0.009395461242195988,0.7465152557629438,0.018303789512479327,0.19545014261378796,0.10687696606313364,0.0879091312963166
new_preds,OFT-0246-00,slow,3.4137169124644173,1763,2.209774345988927,0.4166110099968116,0.18853101935635339,0.21028661334634963,0.21332390462980977,0.0017282760414286849,0.7823658099261112,0.01352112493804803,0.07054886184005485,0.04203499338905144,0.04111517338501204
new_preds,OFT-0246-00,medium,4.062220113770079,1764,1.6456605846281407,0.4236106884697285,0.2574107275987588,0.2705133282665797,0.2756893402586934,0.004886717122305437,0.7967936733031583,0.012718483739295315,0.298344016665761,0.15553125020252814,0.03141951933095182
new_preds,OFT-0246-00,fast,4.8680961521726065,1765,1.0661036851312935,0.4137676928064226,0.3881120556819631,0.3938593820576609,0.3898229368292102,0.011391119454343124,0.8200339153727425,0.012783246505727042,0.7210677599572698,0.3669255032314984,0.031044774358887525
new_preds,OFT-0247-00,slow,3.5471256149032118,1766,2.261658503747085,0.40603204519037783,0.17952844981577434,0.20310599961209763,0.20450698806296302,0.0007291821634088348,0.7723460419557815,0.012171829992191751,0.0461185428390171,0.029145186415604422,0.025018956921765593
new_preds,OFT-0247-00,medium,4.347104945462477,1767,2.0404263920893,0.38513774221071223,0.18875355842479052,0.2120839438900264,0.21283802172198715,0.0012673013664072402,0.7637034099536795,0.01201627519970659,0.07621933907232974,0.044117807136018164,0.028725393410875228
new_preds,OFT-0247-00,fast,5.299252595460897,1768,1.7769558591196513,0.46877525465866865,0.26380804692071064,0.28537087403313705,0.2876663738889814,0.003791338080045439,0.9004907709797326,0.01339316817959299,0.24004051431245038,0.12671684124602167,0.029919764750800003
new_preds,OFT-0248-00,medium,5.294229444496007,1769,1.6585365551402984,0.4564939775635988,0.2752390208999543,0.29537760899401444,0.2965869438002978,0.004781077731204318,0.8888051394557991,0.01432826661860569,0.28366907812603037,0.14899867237231804,0.03208805592077597
new_preds,OFT-0248-00,slow,4.18928659737358,1770,1.9628496685336183,0.433665454058841,0.22093666214530758,0.24395353608463305,0.2445611003467213,0.0024834859167611337,0.837831652820805,0.014215433182373002,0.13558047261805786,0.07489795290021543,0.0331582616159058
new_preds,OFT-0248-00,fast,6.466376645024794,1771,2.888667364441543,0.37579413988178534,0.13009256258012816,0.14087501444764977,0.15245898498626315,0.004550292014654256,0.5691150177321753,0.009974636638475785,0.05958109258603612,0.03477786461225595,0.13083874083087615
new_preds,OFT-0249-00,medium,4.495400221838819,1772,2.1490119713385347,0.4098083502125073,0.1906961690665938,0.21617948029391543,0.21684819438127714,0.0007709555848111742,0.8047882165854597,0.01081468438607295,0.05596691028298815,0.03339079733453055,0.02308886418875368
new_preds,OFT-0249-00,slow,3.534701942393783,1773,2.253269502596498,0.44449887089549367,0.19726840059890155,0.2231530372383022,0.22466451234621226,0.0007626252577043808,0.8464539047870008,0.011950832340305691,0.05352147515889105,0.03273615374959837,0.023296116689143335
new_preds,OFT-0249-00,fast,5.628945680307889,1774,2.1866313088410907,0.4301786786232966,0.19673123534085418,0.22339024929680945,0.22488397885601658,0.0007514635087761525,0.834415348636782,0.010867632335608413,0.05761421852347158,0.03424092542954,0.02194635511012962
new_preds,OFT-0250-00,slow,3.2675426696334333,1775,1.536267978195324,0.38845415576142356,0.2528557265235368,0.26462639874019656,0.26936075586777664,0.005278124856219906,0.753199344183669,0.013796805574432884,0.3069478460987689,0.16037232583660088,0.03291169363969721
new_preds,OFT-0250-00,fast,4.753953271375092,1776,1.6672725529872376,0.4203692953300096,0.25212991995630085,0.27116678404714056,0.27225834868445914,0.003972958264769115,0.8241811113102605,0.013325037914642368,0.251160260022386,0.13224264896851418,0.030042942241084735
new_preds,OFT-0250-00,medium,4.039168179803373,1777,2.0635571997502407,0.4580772820663814,0.22198429106875447,0.2492976566275143,0.24924476551425773,0.0015810760284742935,0.8981249770127949,0.014555523391709286,0.09172208334085297,0.05313880336628113,0.029753700277668552
new_preds,OFT-0251-00,medium,3.7622247215990208,1778,2.0745217484474607,0.40746327069154337,0.19641311111656573,0.22153519213738224,0.2224440912486872,0.0011613090650399547,0.8039180438091732,0.012504306517754844,0.07359386486178389,0.04304908568976937,0.026976393259751395
new_preds,OFT-0251-00,slow,3.137484061351387,1779,2.269443027451747,0.3621784136534762,0.1595891191241534,0.1765834215134346,0.1829506174405478,0.0008253735059354291,0.6749144366111532,0.010386295820042813,0.053525017824143595,0.031955656822093205,0.025828713536715352
new_preds,OFT-0251-00,fast,4.448284476881789,1780,2.18411994377564,0.431529472078116,0.19757590388197296,0.22410356198304676,0.2232544795228926,0.0010074319606322027,0.8293528970751893,0.012381884431683934,0.0645381861584578,0.03846003529507087,0.026194254708895644
new_preds,OFT-0252-00,fast,6.035273541712838,1781,1.416799919408588,0.4251765175051875,0.3000963732992504,0.3154418589186997,0.3163900110007313,0.0063414235404876266,0.8458389795446731,0.013453276650037567,0.39729188556477135,0.20537258110740447,0.030877654194603654
new_preds,OFT-0252-00,medium,4.556203212519957,1782,1.4274372747938908,0.34483809838669294,0.24157845985665777,0.25434512608981913,0.25499664095670316,0.005496451438807709,0.6850290205913945,0.011790554590835818,0.3156276320706106,0.16370909333072323,0.03357450296119985
new_preds,OFT-0252-00,slow,3.5626160387905363,1783,2.037124401913772,0.37693488819054877,0.18503282756636666,0.20885914750282222,0.2075475051490549,0.0015722886791667279,0.7374965020457127,0.014134065951649507,0.08287948390102878,0.04850677492633915,0.03241379542454339
new_preds,OFT-0253-00,fast,5.076107718988346,1784,2.1019837019336602,0.4538228069236301,0.2159021530500682,0.2432844504031677,0.2412723103503106,0.00149991335627075,0.8674065303512281,0.012428006681112796,0.10123448874844229,0.056831247714777544,0.026392405878513468
new_preds,OFT-0253-00,slow,3.251141081540279,1785,1.830308451796027,0.4379061220720975,0.23925263615670533,0.2657685670014594,0.2589693470718641,0.002715250779122752,0.8474540921766469,0.01245607222666209,0.19371187240208557,0.10308397231437383,0.026340183814823198
new_preds,OFT-0253-00,medium,3.9670016738978195,1786,2.0943868497909595,0.44346756552640915,0.2117409997922168,0.23904923575002052,0.23744713754680163,0.0015314410252926089,0.8625526322458886,0.012536953054258193,0.08620625571052408,0.04937160438239114,0.031018660309909074
new_preds,OFT-0254-00,slow,3.1368169445493264,1787,2.0822307050133104,0.42187589046749724,0.20260765987734317,0.22563533135383346,0.22835347313964377,0.0015987254826493682,0.8208915316571996,0.0165154986327552,0.0810589990318454,0.048787248832300296,0.032769330530294405
new_preds,OFT-0254-00,medium,3.8663684305043557,1788,1.884023084343316,0.4389341809446449,0.23297707156153943,0.2542155293709382,0.25616546659681666,0.0030873346396347945,0.8533657508538447,0.01562479920623071,0.1628089562380003,0.0892168777221155,0.034604827230683186
new_preds,OFT-0254-00,fast,4.632387599193647,1789,1.9288508244811633,0.35024442077349305,0.18158191205258417,0.20256539921184336,0.20292961701360324,0.0016492995301482184,0.7018075300906457,0.012214883652331773,0.09498718929766559,0.05360103647499868,0.03076991861747873
new_preds,OFT-0255-00,fast,4.427676100155344,1790,1.6897095525295023,0.44326859379355277,0.26233419414003895,0.28329500005106745,0.28261476287748444,0.004253060682809572,0.8632949264182054,0.013954373518943837,0.2583016157669541,0.13612799464294897,0.031243100979816484
new_preds,OFT-0255-00,medium,3.777254217911197,1791,2.1480711204232095,0.3575662085258587,0.16645920385327445,0.1904850019961258,0.18734372795183885,0.0008834641791365626,0.6980436275428452,0.012019651444174502,0.050443574583233675,0.03123161301370409,0.028287497630971166
new_preds,OFT-0255-00,slow,3.2187322264011344,1792,1.9448939388036905,0.3664490264910521,0.18841594350201732,0.21181379416530707,0.21089002873547177,0.0016918777471280795,0.7393606298470173,0.014325494832622158,0.08730231307581915,0.050813903954220654,0.0332955670686576
new_preds,OFT-0256-00,fast,6.665687796731879,1793,1.8444315944355643,0.4357767949428448,0.23626617341490613,0.25620304319398346,0.24691130784420512,0.011251157319333158,0.7133533228874285,0.013558847588175353,0.3066566766286569,0.16010776210841612,0.07027240385581367
new_preds,OFT-0256-00,medium,5.2258190072401085,1794,2.039858260641473,0.4489988355463344,0.22011276185686451,0.24773283271452523,0.24817619992906534,0.0012920043861282522,0.8945373708381904,0.012122727845751044,0.08694198120212321,0.049532354523937124,0.026084049477273993
new_preds,OFT-0256-00,slow,4.139072926337513,1795,1.7445370234223436,0.40610899035546744,0.2327889777648763,0.2552282852555001,0.25381414036794425,0.0035883160272637384,0.7960530718775469,0.012494802758949517,0.20567972669104084,0.10908726472499518,0.03289399579602391
new_preds,OFT-0257-00,fast,4.78783315640645,1796,1.5255904385535803,0.3686413126975196,0.24163845248468535,0.25281578387942266,0.25739131309566154,0.004930709126160614,0.7240304965658986,0.01231438246021853,0.28877965189288085,0.1505470171765497,0.032751954961540465
new_preds,OFT-0257-00,medium,3.999170450417849,1797,2.0056102280035866,0.3733883612644241,0.18617194709667007,0.20697183897959848,0.20825321945063732,0.0016977941167885453,0.7294165422729628,0.012894361507146082,0.09428729757365989,0.053590829540402986,0.031680683642124834
new_preds,OFT-0257-00,slow,3.425329961523948,1798,2.009583759660786,0.42799051762115425,0.2129747095952837,0.2392002956763114,0.2376413428547905,0.0020506354835667343,0.8377168806186042,0.016556307220027603,0.1030829190718718,0.0598196131459497,0.03428032004425592
new_preds,OFT-0258-00,slow,3.9203466988632156,1799,1.4985026186798336,0.44483446580545416,0.2968526449405534,0.3156994672035266,0.3143780613167704,0.006409803407435296,0.8775808711637944,0.015495739377013028,0.3619150762464212,0.18870540781171713,0.03396724811315819
new_preds,OFT-0258-00,fast,6.103443537015876,1800,2.2017150380510477,0.4322332750844445,0.1963166293613801,0.2155407679009947,0.22184934986154145,0.00758366588379737,0.7558902234196804,0.0149869883941318,0.12476396260944304,0.06987547550178742,0.10853115244422744
new_preds,OFT-0258-00,medium,5.095120078980093,1801,2.0224679045436846,0.4072933846791534,0.20138435016156567,0.22637535803152714,0.22573231871820873,0.0015271289795470077,0.8048454810061891,0.01335664997783507,0.08876265794148523,0.05105965395966015,0.02990872168372941
new_preds,OFT-0259-00,medium,3.9620222752269503,1802,2.043077278745407,0.4014305279659286,0.1964832814412361,0.2215390002170339,0.21717453002127363,0.0019122678388135495,0.7758767105534764,0.015657263447826728,0.09496050718717423,0.05530888531750048,0.034574333361379134
new_preds,OFT-0259-00,fast,4.931709831749917,1803,1.6500682716970567,0.351670390341849,0.21312475148689708,0.21788917543915998,0.21578236973595843,0.010225629640128344,0.5983774445777822,0.011758444274208179,0.3014103068829456,0.1565843755785769,0.06530427829944589
new_preds,OFT-0259-00,slow,3.2439052620432665,1804,1.9236258840270906,0.3366762277140669,0.17502167677700342,0.19553565957540692,0.19450074861181826,0.0019688195673842526,0.669304201099647,0.013650002104788403,0.09599095980472568,0.05482048095475704,0.03591394188987699
new_preds,OFT-0260-00,medium,4.558121833789457,1805,1.90669217027293,0.41042054684034024,0.21525265233642374,0.23903216268911318,0.23911461713980214,0.0020071873700728184,0.8165801196313613,0.012966860272008681,0.12704038932421008,0.07000362479810938,0.028672620537315768
new_preds,OFT-0260-00,slow,3.794309993092516,1806,2.0966027306958845,0.44754076328463566,0.21345997347627807,0.2399054358821236,0.23963354484089555,0.0017215631833829733,0.8524655780289656,0.01412140406025499,0.10257174353668728,0.058346573798471135,0.029505814502994582
new_preds,OFT-0260-00,fast,5.834742635949038,1807,1.971927492543205,0.41445318773928647,0.21017668717867716,0.2331802334195895,0.2341645752837193,0.001954062770215578,0.8005159547002804,0.01212207758512939,0.12825290393938765,0.07018749076225853,0.027840613035084075
new_preds,OFT-0261-00,medium,4.635490906565934,1808,1.9190152818766177,0.39011724962593497,0.20329032984272888,0.22389919675099,0.22135361463415504,0.0026838813623715234,0.7432557312142144,0.013308951242380542,0.14732621544355198,0.08031758334296626,0.03341586301110443
new_preds,OFT-0261-00,fast,5.531258077756642,1809,1.4850726104844914,0.4339250887322626,0.29219115999365075,0.3085514853967897,0.30856390817802215,0.005805855419797622,0.850195494251343,0.01339221305853658,0.3702380416142319,0.19181512733638426,0.030267974692193864
new_preds,OFT-0261-00,slow,3.7836628549190054,1810,1.9765901716712377,0.3578860062773346,0.1810623220769819,0.20473882569459867,0.20546953443052923,0.0018201696728468797,0.7200337360679208,0.012452182480661904,0.07835504218667448,0.04540361233366819,0.04008865328755279
new_preds,OFT-0262-00,fast,5.11391797682082,1811,1.42994025949712,0.34827733520094745,0.2435607591910373,0.2565031591647253,0.2568027440031797,0.005333725080904468,0.6856369179145199,0.011225177965766185,0.32440550380791405,0.1678153408868401,0.03178329855135868
new_preds,OFT-0262-00,medium,4.195439283467722,1812,1.7058486037893785,0.4544921573608417,0.2664317081546575,0.28676190470857943,0.28742832970079546,0.004558122388004017,0.874283667308559,0.01499927799650669,0.26591598952865236,0.14045763376257953,0.03245193775447457
new_preds,OFT-0262-00,slow,3.4308367613761273,1813,2.013827469567239,0.3771128671010549,0.18726175543831197,0.20868331710287097,0.2130832937070385,0.0014585840254624264,0.7522956969276031,0.014450658361308714,0.0757676382702451,0.045109148315776906,0.032334550305670194
new_preds,OFT-0263-00,slow,3.3052684351891823,1814,2.1211252104420026,0.41198823071920554,0.19423098112786794,0.21878595798787726,0.2209060975417168,0.0009343827213621509,0.8094965725667287,0.011925405991537652,0.0634461880275119,0.03768579700952478,0.024794028400832103
new_preds,OFT-0263-00,medium,3.95230769782425,1815,2.051864759792327,0.4228724370151886,0.206091768474053,0.23196303464336615,0.23273816239618988,0.0011742939894541808,0.8378739240256659,0.012074063890443203,0.08163512626121633,0.046854595075829765,0.02506251494765233
new_preds,OFT-0263-00,fast,4.85738847807948,1816,1.7759930861251194,0.42499784672673296,0.23930152096143448,0.25923852315941187,0.2573580660972786,0.003218295832727845,0.8033247617448729,0.011323623848299292,0.23218756530248705,0.12175559457539317,0.0264324267312006
new_preds,OFT-0264-00,fast,5.677094349228641,1817,1.8648321948380568,0.4459367756304623,0.23912970661104857,0.2610677988100981,0.2614210269006431,0.002693496682897155,0.851418942373958,0.011866643645323362,0.19394327825172256,0.10290496094852296,0.026174604781634837
new_preds,OFT-0264-00,medium,4.480704718549252,1818,2.151584260108704,0.43248996099560977,0.20101000412308237,0.22667379111016736,0.2257428069726809,0.001116453467917015,0.830285004784681,0.012145169602612483,0.07623336707338257,0.04418926833799753,0.025265262583155226
new_preds,OFT-0264-00,slow,3.5630575260756756,1819,1.445088338768359,0.44050442897381453,0.30482872026304914,0.3172666126424384,0.3174006691028419,0.007951137925634021,0.8392244024407925,0.013863188579206868,0.426114006461946,0.21998859752057645,0.03614340931870488
new_preds,OFT-0265-00,medium,3.9336904558481463,1820,1.677323714917472,0.40974731986643453,0.24428636894732927,0.2659897832747959,0.26450853073157915,0.004105374654160983,0.8177540425857122,0.014948717038421915,0.22306781697057465,0.11900826700449828,0.034496550176684855
new_preds,OFT-0265-00,fast,5.034295417534661,1821,1.694378943866212,0.4360924515055404,0.2573759861005297,0.2779154399334074,0.27755047354772305,0.004325883003162682,0.8550704713901667,0.014937821512746984,0.24452800119854767,0.12973291135564732,0.03334453037366739
new_preds,OFT-0265-00,slow,3.239361419891971,1822,1.8891368939705422,0.3703607333026514,0.19604758897288602,0.21632584046872488,0.2123873222339343,0.00304977782001433,0.7113641477314296,0.015411311899018473,0.14152169060596442,0.07846650125249145,0.038867258910916386
new_preds,OFT-0266-00,medium,4.278941744573596,1823,1.3128278650679919,0.3590112491083415,0.27346406841368204,0.28194540091709597,0.2840250633453775,0.006165271513906555,0.7109275539238774,0.010720805535447134,0.40881623302882675,0.20976851928213694,0.029390832976297628
new_preds,OFT-0266-00,fast,5.257340921332892,1824,2.04249375865394,0.4639876914296769,0.22716725055525147,0.25366172428341793,0.25360152768976196,0.0017663331253861005,0.9000129334493905,0.013256492064740812,0.11204346401870116,0.06264997804172098,0.028193675091311807
new_preds,OFT-0266-00,slow,3.4654233777634293,1825,1.9271313271690054,0.363636253223352,0.188693032019536,0.21050021527572066,0.21086293177168666,0.00161201878221005,0.7370305665018891,0.013081945651715384,0.09051920774423743,0.05180057669797641,0.031119707249765496
new_preds,OFT-0267-00,fast,4.9033401182178755,1826,1.560240735816765,0.3045936207095306,0.19522219470194768,0.20924571989796162,0.20889623971966154,0.004421544728838127,0.6029812919544976,0.01239347630258145,0.21577817882566525,0.11408582756412335,0.038756301490235005
new_preds,OFT-0267-00,slow,3.2781711269344767,1827,2.104541170947838,0.3716300658181178,0.17658483993959787,0.20050988912497358,0.1996396036354828,0.0011069922943130201,0.7320850807600662,0.014386137321473877,0.05628376232179833,0.035334949821636104,0.0313285373235536
new_preds,OFT-0267-00,medium,3.982590135778264,1828,2.089148177227884,0.3842521328030213,0.18392765864644894,0.20656459644095965,0.20844899576747203,0.0016452863657529277,0.7502992772130868,0.01718900561742271,0.06673930246781912,0.04196415404262091,0.03920694705490529
new_preds,OFT-0268-00,fast,5.122064765792258,1829,1.9592291683896812,0.38921141201757203,0.1986553785014698,0.2207404483516215,0.2223771725144735,0.0021248212502489776,0.769696012177102,0.012363940482303255,0.10571475685427621,0.059039348668289734,0.03598991686353457
new_preds,OFT-0268-00,medium,4.192995425933973,1830,2.1850924955914044,0.4370579426096516,0.20001805117698693,0.22654388565835815,0.22431163412253766,0.001575547877594429,0.8091357313896946,0.013698971342871041,0.09418189981411995,0.053940435578495496,0.029209031419511835
new_preds,OFT-0268-00,slow,3.4070823470985743,1831,2.040326321611179,0.3636122808040348,0.17821280691850414,0.19911773340763594,0.20035704467802584,0.0012324021398361488,0.7199007220103391,0.012440429447142319,0.07197741101946473,0.042208920233303526,0.02919767037451395
new_preds,OFT-0269-00,fast,5.200612844667349,1832,1.7448207872030796,0.4177706834465185,0.2394347239043377,0.2591584979044834,0.258284260919871,0.004003219168319014,0.796123206564883,0.013566999243479858,0.23321345041175903,0.12339022482761944,0.03244356815065095
new_preds,OFT-0269-00,medium,4.40713640002665,1833,1.9760972413032407,0.4292057294011216,0.21719868862225597,0.24204253742215892,0.24330162183078746,0.0018723198983821448,0.849782029796681,0.014616628763877771,0.10852729641951576,0.06157196259169677,0.030408644122619455
new_preds,OFT-0269-00,slow,3.5183341913108457,1834,1.4934080658870779,0.4098742544922923,0.27445563195671424,0.284451780336207,0.2890913005347904,0.006732180287618524,0.769730150984235,0.01397785712041646,0.3750916507023759,0.19453475391139616,0.034606568503871546
new_preds,OFT-0270-00,slow,3.3638168160521973,1835,1.7241536625567186,0.3818627482038728,0.22147837312691426,0.23784924339640776,0.24037838384633708,0.003754055513165866,0.7336012977661308,0.013203953814694322,0.21554637295214493,0.11437516338341963,0.03282229639822374
new_preds,OFT-0270-00,fast,5.138326963951877,1836,1.5869726311156362,0.31218183984924486,0.1967153268609189,0.21114973180515606,0.21497094825715407,0.0032010125391554595,0.6319215929909863,0.009770565971866464,0.1997013924358303,0.10473597920384838,0.030562683076894772
new_preds,OFT-0270-00,medium,4.0765399196706005,1837,1.6243372319254772,0.3836610834915406,0.23619546234050895,0.2513534797285186,0.2540757736686411,0.004641284918632959,0.753009597366396,0.013453755052106718,0.24741002260041606,0.1304318888262614,0.035583973830320505
new_preds,OFT-0271-00,fast,4.9860400106874625,1838,2.1177982520865895,0.4406809753614764,0.2080844929054453,0.23376076970614612,0.23581306610463404,0.0013896476249885836,0.853184386576842,0.013166764015762372,0.08089541463220404,0.047031089323983206,0.029547425861555402
new_preds,OFT-0271-00,slow,3.3129379309189693,1839,2.022181501173539,0.4316988100408707,0.2134817323718675,0.24013899366289226,0.23972841969806236,0.0016802172440850323,0.8530748478070262,0.015472152661221268,0.09280825060963892,0.054140201635430096,0.031034558301043985
new_preds,OFT-0271-00,medium,4.00208349280204,1840,2.1855631055365907,0.408083540192134,0.18671780245482453,0.21275151315649216,0.2113500528536341,0.0009335988586452953,0.7875190547606423,0.012969501668116449,0.05613192340054857,0.034550712534332506,0.02702111737109886
new_preds,OFT-0272-00,fast,5.405260567794839,1841,2.028072624268375,0.48607705742779794,0.2396743842460522,0.2531951219202443,0.25585872205878907,0.019302186775086022,0.7684985190850341,0.021213187103579226,0.2728849806113825,0.14704908385748086,0.13126356362609912
new_preds,OFT-0272-00,slow,3.418537083601475,1842,1.627422510084501,0.48649355257664123,0.2989350027801821,0.31735269316135384,0.3187461629576262,0.0081935731875485,0.8725600699898749,0.016848523350494315,0.3919171194910405,0.2043828214207674,0.040089343764759026
new_preds,OFT-0272-00,medium,4.250454437252724,1843,1.6654548788153087,0.3937652972778041,0.2364310809536323,0.25602215980661414,0.2569475359470393,0.0036415298500948262,0.7912219075739186,0.013288429504910418,0.21623956504769148,0.11476399727630095,0.0317305944069518
new_preds,OFT-0273-00,fast,4.691665065133036,1844,2.1273672782211497,0.41323464182429875,0.1942469671573754,0.22024920744737617,0.21876100295684575,0.0009409472189902384,0.8074628971533097,0.01100128636454988,0.06707657522611365,0.039038930795331765,0.024102791747123258
new_preds,OFT-0273-00,slow,3.2442921640542934,1845,1.998453688925091,0.38593529566357787,0.19311695727668376,0.21524003420444832,0.21632367854787715,0.001483755201006751,0.755354715396756,0.011208118224844951,0.10083040947757442,0.056019263851209686,0.026486517297829693
new_preds,OFT-0273-00,medium,3.8787061412660115,1846,2.079468427489101,0.4184086569376007,0.2012094299709168,0.22896177397522494,0.22787870797209386,0.0009546106232482788,0.8310034581049942,0.011208633944358608,0.07027063069440795,0.04073963231938328,0.023431989168790066
new_preds,OFT-0274-00,fast,5.015468140638945,1847,1.4477740219230815,0.41481384208433647,0.2865183625365361,0.2991057256191494,0.3020855084758251,0.007487026136896727,0.806635956833949,0.015687510399078973,0.38041069655011994,0.19804910347459945,0.037803888053736974
new_preds,OFT-0274-00,slow,3.2010060379700596,1848,1.4509991395614674,0.3820091972192629,0.26327320727062375,0.2735301182242195,0.27930911693506594,0.00795936584069541,0.7385025810572389,0.016627412462589964,0.3493714646962904,0.18299943857944018,0.043493935841995734
new_preds,OFT-0274-00,medium,4.017050922254938,1849,1.9118983540021528,0.4271381132217987,0.22341047175843623,0.24542563325828146,0.24796128923395894,0.0029986006146721254,0.8441314951450429,0.017161407483346172,0.13121420452236499,0.07418780600285557,0.04041904965563621
new_preds,OFT-0275-00,medium,4.088236621581862,1850,2.1011344981785345,0.46637816561037143,0.2219649270499689,0.2503360253065339,0.25011133803978886,0.0017832079820172542,0.9025995483624698,0.014616462580621898,0.09106710855496815,0.05284178556779502,0.03374617195191922
new_preds,OFT-0275-00,slow,3.401545467216225,1851,2.172744117775778,0.4229636715847963,0.19466796302630476,0.21845005854636484,0.21896657042372375,0.0012474100763936403,0.8047992523554751,0.013619303682315318,0.07315374027028074,0.043386521976298026,0.028751096413653487
new_preds,OFT-0275-00,fast,5.258646603431461,1852,1.8528612063867473,0.42099904425489487,0.22721563968403352,0.25090367805866676,0.25013841933196457,0.0025853433123955573,0.8303263145026163,0.013393639749883092,0.15944896345666956,0.08642130160327632,0.029915579428134234
new_preds,OFT-0276-00,fast,5.636376478576893,1853,1.6444934108481548,0.46735190721240444,0.2841920217675823,0.3011357817737673,0.3028553910523709,0.0053273080366228924,0.8839580635465528,0.014300084402525023,0.32476257380703943,0.16953132910478222,0.03142373781149467
new_preds,OFT-0276-00,slow,3.27178634978466,1854,1.7917099423194272,0.35068611386308557,0.19572705691921927,0.21514239689347514,0.2181479941107325,0.003040889600822057,0.7101862502516043,0.014495084382806774,0.13266553191357688,0.07358030814819183,0.04132749206075164
new_preds,OFT-0276-00,medium,4.150058633344391,1855,2.043899542874453,0.35563620546582514,0.17399886736393783,0.1950303852800978,0.19609533790721864,0.001397734096376536,0.7043299611877853,0.013424783513844664,0.06766165970868859,0.040543221611266625,0.03447516109543987
new_preds,OFT-0277-00,fast,4.960261309725845,1856,2.0999685271963187,0.4258733087623467,0.20279985306776616,0.23016861121229137,0.23041504209018315,0.0008755354047504323,0.8481188441011562,0.012039629617728118,0.06170213099472,0.03687088030622406,0.023745985923819556
new_preds,OFT-0277-00,medium,3.969890074214924,1857,2.158727166133289,0.42762877908694213,0.19809301786520367,0.22533088055571754,0.22256860506437068,0.001087076122694436,0.8270775241608826,0.012518626708201312,0.06645672507990559,0.03948767589405345,0.027529503777611323
new_preds,OFT-0277-00,slow,3.2795785802195834,1858,2.4576301572836563,0.3665886732669502,0.14916348262593324,0.17047087665851648,0.17485715087427,0.0006357302828780331,0.6545988473262058,0.0097531882821648,0.04037875993299297,0.025065974107578885,0.025362281160492196
new_preds,OFT-0278-00,medium,4.091645783332294,1859,1.6841348868496353,0.4076483624528087,0.24205208599137867,0.2579458452392015,0.26008514485313516,0.005871316925618105,0.776510460800887,0.017296001960053837,0.25132870250967076,0.1343123522348623,0.04371390142398339
new_preds,OFT-0278-00,slow,3.3649274689718993,1860,2.1945705332324064,0.4029102650964462,0.18359412878062997,0.2066833637130538,0.20826599660292539,0.002298004257874737,0.7372931999521825,0.018328243733478168,0.08611513533689258,0.05222168953518537,0.04400478571889966
new_preds,OFT-0278-00,fast,5.006101168514257,1861,1.8808462026620971,0.34047708418332995,0.18102335198987998,0.19884407592784908,0.20067301804366333,0.002521342382434355,0.6679963471490323,0.013205151439813073,0.12009743308496532,0.0666512922623892,0.03782885967924629
new_preds,OFT-0279-00,slow,3.2416341400906683,1862,1.9064915621978908,0.4436770872632521,0.23271914550293674,0.2592412724576174,0.25993689321640023,0.002333517893782984,0.8880212902310817,0.015817107501061054,0.1301836372659786,0.07300037238351982,0.03196583548263908
new_preds,OFT-0279-00,medium,4.019404241931857,1863,2.1626304747569236,0.4170519787732451,0.19284477105138415,0.21910458538152316,0.2179503272738119,0.0011374102949235484,0.8073367311523931,0.014405997917602184,0.060602548701548145,0.03750427330957516,0.03032748523174712
new_preds,OFT-0279-00,fast,5.047296215124964,1864,1.9861621707457382,0.42973379861550043,0.21636390267877753,0.24040472481547237,0.24051269748649712,0.002072723820749867,0.8336160070220298,0.013088831892960305,0.12336299594773177,0.06822591392034603,0.030380301290940253
new_preds,OFT-0280-00,fast,5.0203825967521345,1865,1.95088344556702,0.44530522095901637,0.2282582396046676,0.2524299267896487,0.251702473908219,0.0022949268204821706,0.8567932722853533,0.012583305137231124,0.14988494485277828,0.08123412499500471,0.028250772943307894
new_preds,OFT-0280-00,medium,4.209510819225477,1866,2.0203524331395113,0.40128066072980423,0.19861913899162495,0.224896796514474,0.22269245160957313,0.0012532886542423974,0.8061431997940964,0.013508335383978278,0.07490249300327237,0.04420541419362532,0.02835147406950728
new_preds,OFT-0280-00,slow,3.4877903940014616,1867,2.1092864914182132,0.44277351617790983,0.20991625271359124,0.23695113229579307,0.23590254615914724,0.0012822666511183832,0.8608196723774023,0.013562794136874399,0.08042890942112907,0.046995851779001736,0.027284677318931243
new_preds,OFT-0281-00,medium,4.106841232298106,1868,1.9013986828243579,0.3305781753733279,0.1738605261271579,0.1898206233011286,0.19130547188396235,0.0026342040308489196,0.6305797189642806,0.012940820087011135,0.12764618604957592,0.07029350306829353,0.03747435987490427
new_preds,OFT-0281-00,fast,5.249501098061019,1869,0.919389603216187,0.21239811985362944,0.2310207980497314,0.2235236806831758,0.2294776786672284,0.008881255500734235,0.4130947726728251,0.007610458430553338,0.4851853664967618,0.24639791246365758,0.03604436178834987
new_preds,OFT-0281-00,slow,3.3518534353142297,1870,1.8044449989751585,0.4162756710894652,0.2306945744125704,0.24792921608338492,0.24927790848045717,0.005454287274159684,0.7577208553590513,0.01629950696089453,0.23609419639462323,0.12619685167775888,0.04322047025457574
new_preds,OFT-0282-00,slow,3.588368938635085,1871,1.6700367922645192,0.3547528361000606,0.212422168028422,0.23100139984642518,0.2275734683522107,0.004718627485538944,0.6841380409230694,0.015159128780900666,0.2168382089599984,0.11599866887044953,0.04067828994493752
new_preds,OFT-0282-00,medium,4.535801994118594,1872,1.8056164117946882,0.41187193137104583,0.22810599675579304,0.2488751578095063,0.24343048699183076,0.004421092852890625,0.7671340332372143,0.0138310142752541,0.2189208139654397,0.1163759141203469,0.0379897583302218
new_preds,OFT-0282-00,fast,5.6139279072474935,1873,1.6490740710426424,0.41691763177051894,0.25281922691739306,0.27327196373049356,0.2727630889996037,0.004514509136393607,0.8031629005593924,0.0130557681398615,0.27259293226048764,0.14282435020017456,0.031608819715029865
new_preds,OFT-0283-00,medium,3.9525554607277527,1874,1.9667181821963826,0.38742558610877403,0.1969909006872081,0.21878296734887676,0.2208406212694197,0.0021796055672127397,0.7678859895774502,0.01715834149582708,0.09595700881912472,0.0565576751574759,0.03853775037859977
new_preds,OFT-0283-00,fast,4.974363564281854,1875,1.6069823979510098,0.4186351875414639,0.2605101263556132,0.27758608017545877,0.2797162063665508,0.005651821786632373,0.8188726496615706,0.016535139916161904,0.2800434246510136,0.14828928228358776,0.03811348803903342
new_preds,OFT-0283-00,slow,3.2785050483803584,1876,1.293714335191938,0.4162367399529355,0.3217377504680597,0.3299489811742877,0.33413157173062125,0.012418774929380125,0.8137168034468767,0.02039443581714951,0.48767048242127015,0.25403245911920985,0.048886567379770804
new_preds,OFT-0284-00,fast,5.235155007184354,1877,1.626788975707497,0.39770046476437393,0.24446960896782108,0.2624567619004734,0.26300012085769564,0.004275368882261385,0.7635523495200192,0.011695420074941914,0.27497072529233824,0.14333307268364007,0.029828209234709115
new_preds,OFT-0284-00,slow,3.508779235239563,1878,1.8832140724072908,0.3265920976948474,0.17342271517617142,0.19005919099609228,0.189422376438299,0.002338070136106301,0.623129939193964,0.010181944179540011,0.13462559845441333,0.07240377131697667,0.03229210431415868
new_preds,OFT-0284-00,medium,4.274041917155704,1879,2.026361008080343,0.39790926911561036,0.1963664260854321,0.22014469369927758,0.21891109759704624,0.0017828361518246658,0.7741695125996526,0.012796550773186382,0.09748822633215382,0.0551423885526701,0.032331500296215177
new_preds,OFT-0285-00,fast,5.175468739497539,1880,1.7070103173424325,0.43077061348015944,0.2523538429168998,0.2709680112557208,0.27194864080403325,0.004084502980570681,0.8305445895651757,0.013254810175684435,0.25073985422779793,0.13199733220174117,0.030943829791408486
new_preds,OFT-0285-00,medium,4.194947281284402,1881,2.0365204070280893,0.39914214993476116,0.1959922171942448,0.21895481441591402,0.2196753894364264,0.0017400007278884774,0.7724989098776283,0.013555591954037024,0.09774933258768383,0.055652462270860424,0.03126547607938526
new_preds,OFT-0285-00,slow,3.364462886879572,1882,1.2833410448330949,0.3157984387149834,0.2460752268357899,0.2567185974600674,0.25699536521171834,0.0069577454284580256,0.6186669585582101,0.011157890114688799,0.3823799191813994,0.1967689046480441,0.03535998455092882
new_preds,OFT-0286-00,fast,5.102081944259592,1883,1.7448529197504152,0.3644060790617691,0.20884630156328243,0.22812527242768196,0.22846626163541955,0.002750761958373531,0.7249020089816084,0.011217477745795209,0.17429484631659586,0.09275616203119554,0.029655840627045363
new_preds,OFT-0286-00,slow,3.473594593166811,1884,1.848741905025965,0.41172371921889245,0.22270481244547216,0.23996517792110375,0.24341452648339584,0.0034079086260122935,0.7839429047793266,0.013619483321835872,0.1843584064414237,0.09898894488162979,0.034427163862464076
new_preds,OFT-0286-00,medium,4.235711896282507,1885,1.804851012940167,0.41597108253342857,0.23047391698874733,0.24975609300567952,0.2521006644990956,0.003512923057299902,0.7942073519599937,0.013303660178434831,0.20362031553160168,0.10846198785501826,0.03238851810456992
new_preds,OFT-0287-00,fast,5.085228286183149,1886,1.4205100229492946,0.43133976892848247,0.30365133787153803,0.3164995421400235,0.3166682782291904,0.0062976057423443435,0.8214915881424751,0.011580794428819867,0.439079578700985,0.22533018656490245,0.027948344775059367
new_preds,OFT-0287-00,medium,4.155374446282394,1887,2.028900591540997,0.4288286569076051,0.2113601123167399,0.2339809634703492,0.23527605735299512,0.0018300132870707917,0.8185934998457428,0.012414189572834458,0.12133701885674426,0.06687560421478936,0.02736443742912889
new_preds,OFT-0287-00,slow,3.3417730489640505,1888,2.067014989601812,0.3296930679057622,0.1595020208195365,0.17885853579307606,0.17986180062709406,0.0010562666586115097,0.6455513293413555,0.010201797672214385,0.06629421314907727,0.038248005410645824,0.02761625468494396
new_preds,OFT-0288-00,fast,5.638394272203023,1889,1.7358856351344472,0.45175399058014815,0.2602440975583965,0.27691216726755447,0.2791367193440922,0.004290483259694451,0.843550612939287,0.013001240575876332,0.27588899996960387,0.1444451202727401,0.029703206668340167
new_preds,OFT-0288-00,medium,4.473551624513655,1890,1.8777210469044872,0.44598217641028465,0.23751247670441122,0.25604174706412497,0.2585370286346062,0.003355878080771306,0.8332711542201129,0.013740295354970539,0.2039174290147268,0.10882886218484866,0.030836287482922126
new_preds,OFT-0288-00,slow,3.603947300882216,1891,2.06753851683092,0.37511254986499126,0.18142953411090787,0.202285973029558,0.20333108413741693,0.0015376831493258635,0.7214869303167597,0.012798427116077449,0.08673660373851025,0.04976751542729385,0.030897326019264294
new_preds,OFT-0289-00,fast,5.438603422668954,1892,1.0296595030468298,0.2573456777619129,0.24993279525941361,0.24761840643341376,0.2516608304680728,0.008276584982816877,0.509729336092237,0.00877052148480689,0.47666117972904337,0.24271585060692513,0.03409989484461272
new_preds,OFT-0289-00,medium,4.315907182333921,1893,1.544789584502626,0.3644385244282733,0.2359146695992329,0.24967470879713616,0.25184107906174724,0.005363011543862983,0.7198546240062186,0.014417897524617671,0.2682850727367525,0.1413514851306851,0.03794096354137818
new_preds,OFT-0289-00,slow,3.466951536779562,1894,1.9302735308741388,0.365154746725341,0.18917253999746758,0.20400363778548555,0.21068759739320714,0.002813720316792097,0.7102244652866161,0.014624492939334688,0.11701858481106425,0.06582153887519947,0.0427477139683263
new_preds,OFT-0290-00,fast,5.443445649613379,1895,1.7680669283698827,0.4344457832721768,0.2457179512275171,0.26190258302665503,0.2674634616648967,0.00529161543844063,0.8097165729494599,0.013464126909932445,0.2487634056345656,0.13111376627224902,0.04035896144919628
new_preds,OFT-0290-00,slow,3.557914270702024,1896,1.7529205187561707,0.3661858866976418,0.20890045086441128,0.22685637154074384,0.22709908960282182,0.0030646634663300536,0.7293842239892985,0.013235682324975122,0.16855995159365664,0.09089781695931588,0.03371547930245385
new_preds,OFT-0290-00,medium,4.396414873557321,1897,1.9088049835909773,0.4526093914108506,0.2371166228617919,0.2590273044859358,0.2591336577877016,0.0035813482172321084,0.8399201307951288,0.015206039456904939,0.19750535725243107,0.106355698354668,0.0336733082724845
new_preds,OFT-0291-00,fast,5.0095310333062315,1898,1.5600195443864755,0.41004376733844095,0.2628452757620437,0.2773882710594579,0.28308086864439186,0.0063477872131902455,0.8116706727972307,0.017387172177501204,0.2895747166484511,0.15348094441297613,0.04135879693383988
new_preds,OFT-0291-00,medium,4.062715697889505,1899,1.9309948595987678,0.36925604314530913,0.19122580327429514,0.21175927678961737,0.21238345957077287,0.0025196871199846937,0.7220005139063682,0.015826295762660224,0.11357183624367467,0.06469906600316745,0.038944721703731214
new_preds,OFT-0291-00,slow,3.2418983397546017,1900,1.1942779095541232,0.24991320070365783,0.2092588322235329,0.2155746852054637,0.2162737353548997,0.00818744528418043,0.4833971270381879,0.011281505071008852,0.3544964357408171,0.18288897040591295,0.04476729934018877
new_preds,OFT-0292-00,fast,4.791916780445507,1901,1.6244703780271026,0.44234725738534103,0.27230244599631653,0.29015923123764287,0.29361842186491005,0.004996556263517651,0.8635918286014338,0.014780401705579638,0.29086340310924735,0.1528219024074135,0.032695288992000304
new_preds,OFT-0292-00,medium,3.9885157668245954,1902,1.6784055064511847,0.4094501325296717,0.24395185249088688,0.26071857699740186,0.260601111374416,0.004498204759438976,0.783537334251082,0.013723086325950618,0.25679792464646833,0.13526050548620946,0.03325586240617437
new_preds,OFT-0292-00,slow,3.2997057512131507,1903,2.0085407267032864,0.438757676868677,0.21844599466441034,0.2460598911073646,0.24478940447674788,0.0018517895172369282,0.8665993788920913,0.01608312234500397,0.09940552900544258,0.05774432567522328,0.0320687703178338
new_preds,OFT-0293-00,fast,5.013609804802124,1904,2.0793025306065207,0.3942778190343103,0.18962022756703023,0.21216272650364493,0.21346045753740137,0.0017354027594642084,0.7641912405948084,0.014435968752452738,0.0804470938950355,0.04744153132374412,0.03657982175199418
new_preds,OFT-0293-00,slow,3.278705492968003,1905,1.622938832459145,0.402675175944538,0.24811481978922625,0.26388121175465484,0.26533086594076927,0.00571984725984716,0.7876519497262219,0.017200161438717675,0.25916749880977413,0.1381838301242459,0.04139302879869697
new_preds,OFT-0293-00,medium,4.147832481944208,1906,2.076966318929199,0.45611515537515057,0.21960642848089387,0.2463309033573907,0.24529695178011368,0.0021070858073947286,0.8694037014099465,0.016884758919800364,0.10828453123356231,0.06258464507668134,0.03366777593470473
new_preds,OFT-0294-00,fast,5.442806992992265,1907,2.0464916319345545,0.4377085910808432,0.2138824240718131,0.2369422583351099,0.23848112883698602,0.002056697690666304,0.8348359152791347,0.013774542001010423,0.11677562482095571,0.06527508341098306,0.03150815875204608
new_preds,OFT-0294-00,medium,4.37519319160155,1908,1.4776715074801263,0.32423080403096033,0.21942008246736192,0.22945257697097654,0.23255774038426757,0.005117199645771682,0.6315813697073795,0.011316981263882397,0.28207014003421316,0.1466935606490478,0.03488360104649828
new_preds,OFT-0294-00,slow,3.4842562448842593,1909,1.7870967226251373,0.3960970131142029,0.2216427393657576,0.24417813741168765,0.24138157292763138,0.00425918678383111,0.7790961993184361,0.016911526849910305,0.17353118138507534,0.09522135411749283,0.04472932382977599
new_preds,OFT-0295-00,fast,5.237769071098992,1910,1.9592876764231022,0.4533575783263369,0.23138898069016164,0.2526174213163818,0.256331521660032,0.002360757854700463,0.8738024263197794,0.013157414500588643,0.1472196229036659,0.08018851870212726,0.02944009807027195
new_preds,OFT-0295-00,slow,3.1913620305676402,1911,2.006902662032367,0.42999322580496596,0.21425714058773376,0.24087867079916764,0.24053460139474137,0.001578833731788969,0.8541672691490052,0.014180125566314646,0.09497037651244228,0.054575251039378464,0.028929481802104227
new_preds,OFT-0295-00,medium,4.06430584283132,1912,2.05675231625718,0.3865128600129596,0.1879238724847165,0.21085265315885038,0.21124884048543996,0.0012004644925162412,0.7588474245946496,0.011486268910553588,0.07945582570526792,0.04547104730791075,0.02640063432863558
new_preds,OFT-0296-00,medium,4.724317433249463,1913,1.7251446048178865,0.41912326770911357,0.24294964406961003,0.2614162441573391,0.26062857945716555,0.00471000857522789,0.7942836278223606,0.014504162508757395,0.24638758919184606,0.13044587585030173,0.036106994909007664
new_preds,OFT-0296-00,fast,5.960548856713143,1914,1.9563122534503226,0.41109598231769595,0.2101382238917388,0.2299827648592765,0.2298413359478133,0.002480077338379295,0.7807080484021096,0.01319141101761324,0.14465223802183144,0.07892182451972234,0.03142448053465275
new_preds,OFT-0296-00,slow,3.6517011993224253,1915,1.4408640725745563,0.33010422478220913,0.22910157249765709,0.2477208398848585,0.23777542923757355,0.007491279920200654,0.58682603767545,0.012650461327079573,0.3599398372101742,0.1862951492686269,0.040211889303669736
new_preds,OFT-0297-00,medium,3.9032184117332043,1916,2.080785782011598,0.4409553787214713,0.21191771999478873,0.23930899549777382,0.237171880108129,0.001363041994307841,0.8561773520491022,0.01259253870537918,0.09205677659370684,0.05232465764954301,0.026049706878870434
new_preds,OFT-0297-00,fast,4.820822139511812,1917,1.7573091254181432,0.4512171114061259,0.25676592972722484,0.28077737979988426,0.2764498002576531,0.0036142171652084453,0.8912742165732459,0.01204464700974011,0.21735622900015547,0.1147004380049478,0.03151005548080418
new_preds,OFT-0297-00,slow,3.255025856258085,1918,1.9997072362912343,0.40130105173230013,0.2006799017623074,0.22581117187202432,0.22893158242332579,0.0011613916682116008,0.8132726288145702,0.012406481828596537,0.07618967972284751,0.044298080775722025,0.0262176520488922
new_preds,OFT-0298-00,fast,5.112588116960993,1919,1.9917407844416535,0.383187077831362,0.19238802600448893,0.21473648819878166,0.21590232454948688,0.0018599470917696744,0.7582757833298785,0.013064036772369923,0.09175186273737408,0.052407949754872,0.035489789248944394
new_preds,OFT-0298-00,medium,4.122973618870829,1920,1.813726089659375,0.403561113174182,0.2225038915605897,0.24400843401692124,0.24381971899322336,0.0032877971828139223,0.7940188587187467,0.01536944064723383,0.16786808050036056,0.0916187605737972,0.03588563261741205
new_preds,OFT-0298-00,slow,3.303301201636716,1921,1.3027657998395639,0.37816143046691547,0.2902758350837013,0.29899940920429036,0.30158162440478425,0.009505505288899797,0.7380360289277074,0.015525546369473666,0.44197905744033145,0.22875230190490256,0.04155370332776563
new_preds,OFT-0299-00,fast,4.931269278477935,1922,1.9102772885761092,0.34868626343052816,0.18253175364422275,0.2025787483144662,0.20239509537080536,0.0019419128524826833,0.6895800233150102,0.01164693744682362,0.11003539585572703,0.06084116665127532,0.03191774516115361
new_preds,OFT-0299-00,slow,3.3584854762692498,1923,2.150495226436735,0.33500597613755106,0.1557808508566836,0.1744234239297383,0.17846981507746734,0.0007972036001022398,0.6550721901670875,0.01151743451288138,0.04534913778709717,0.028433286149989273,0.028037687796510308
new_preds,OFT-0299-00,medium,4.025356101981139,1924,1.8460881244631644,0.41538666673934777,0.22500912130624354,0.24689049328178758,0.24766242799851468,0.002998988124742731,0.8175462370461488,0.015430007695868718,0.1592500250747658,0.08734001638531726,0.03433693109825076
new_preds,OFT-0300-00,slow,3.930128093353717,1925,1.353043267904317,0.3820110610962807,0.28233469701820013,0.2915467283727165,0.2937362969152041,0.006871743848371004,0.7499121169902248,0.012393451902989733,0.40999965737025523,0.21119655463662249,0.032537196736917844
new_preds,OFT-0300-00,fast,5.903464856380476,1926,1.3082716860280297,0.32941001562641975,0.2517902199859748,0.25940579553823895,0.2671008257606917,0.011875522745755667,0.5942658186217658,0.013167893697347626,0.42666154269925244,0.21991471819830002,0.05400058187577673
new_preds,OFT-0300-00,medium,4.903293689024053,1927,1.5537721877648587,0.3542296730389974,0.22798044386968072,0.24081738015995846,0.2420764442949746,0.004346157204211781,0.6761601970671491,0.010249743052496298,0.2842902927395241,0.1472700178960102,0.029511486902111157
new_preds,OFT-0301-00,slow,3.3711228194182885,1928,2.0832614881912024,0.42504013677974023,0.2040263016376223,0.23115413300154591,0.23214711535382915,0.0011037211218558514,0.8427396269326761,0.013407457611568271,0.06936131845544818,0.041384388033508225,0.026669987749056177
new_preds,OFT-0301-00,fast,5.19601145530479,1929,1.4819550556738523,0.39864004815309667,0.26899604453377507,0.27911839990987564,0.2856053327615624,0.013046723834585123,0.713970677549479,0.014915360550468498,0.39887341801022835,0.20689438928034842,0.06305982428990088
new_preds,OFT-0301-00,medium,4.124875437688846,1930,2.1223844850463762,0.40962823131018566,0.19300378145255564,0.21897193303000434,0.2196896639156174,0.0010534970112261242,0.8075792927603798,0.014655090314687797,0.05703947065274401,0.0358472804837159,0.029388477926650225
new_preds,OFT-0302-00,slow,3.6197054846141836,1931,1.7450395924869166,0.37443413865898145,0.21457056921290957,0.2324696577851037,0.2346080445563924,0.0030323642026446203,0.7405325743840275,0.012289247124903476,0.18235987586309838,0.09732456149400093,0.0311572346804926
new_preds,OFT-0302-00,medium,4.576600862598614,1932,1.8946317059976303,0.3823676158569416,0.201816329076792,0.22322939057378122,0.22326371369314418,0.0020421048528453563,0.7582824931050124,0.012072511169602965,0.125143850569782,0.06860818086969248,0.029764742731248423
new_preds,OFT-0302-00,fast,5.660273316621478,1933,1.6661634368398017,0.4203942452742709,0.25231272993940446,0.2752602722308391,0.28225146542976437,0.013274358277002865,0.6783655052346816,0.014776735004895057,0.38687507890847156,0.20082590695668331,0.06609883395107011
new_preds,OFT-0303-00,fast,6.202252487299563,1934,1.3984534563187543,0.4292321722060898,0.30693347016066397,0.31566203170842555,0.3199387211692653,0.007542488502533563,0.8219155316417225,0.01401880750537699,0.4454064040157363,0.22971260576055663,0.03283445624397103
new_preds,OFT-0303-00,medium,4.886896995231939,1935,1.694316054212337,0.3841387071079851,0.22672198976864774,0.24220548246983223,0.24420982938034094,0.004395929729498408,0.7329045556430079,0.013059755073854143,0.23523607729789936,0.12414791618587676,0.03540880801347268
new_preds,OFT-0303-00,slow,3.74283989785455,1936,1.2584022758744846,0.42383551510584083,0.33680447280764053,0.34181567461793816,0.3454318552130916,0.010707788673064024,0.806957871743499,0.015603311158026564,0.557464440805073,0.2865338759815498,0.03737006186924128
new_preds,OFT-0304-00,slow,3.7407336903466852,1937,1.8137792198171894,0.44363864936454,0.24459352302495466,0.2668681308808167,0.26740398506507257,0.0037384696938868155,0.8639927759478128,0.01392476895163753,0.19624064067627423,0.10508270481395587,0.035576450953614155
new_preds,OFT-0304-00,medium,4.7820969913053,1938,1.6610033145067704,0.3460275929157615,0.2083244445653098,0.21678727269527415,0.2481166598446111,0.003339306588634548,0.7216553693214675,0.012872618967319697,0.16428205755904357,0.08857733826318163,0.037699333194149226
new_preds,OFT-0304-00,fast,5.8390645520958735,1939,1.689559949336682,0.4038895215342667,0.23905012763402267,0.25480384718371635,0.2488289573810695,0.018341373252298954,0.6286475827664113,0.014103664226340223,0.3775275872411624,0.19581562573375133,0.09366654567821645
new_preds,OFT-0305-00,slow,3.2527955777086675,1940,2.1198235075654446,0.42957382972247565,0.2026460354785992,0.23090118210200178,0.22947461778786163,0.0011899396562358602,0.8456906341682615,0.015223066078662202,0.06194439913317519,0.0385837326059187,0.03084044948137871
new_preds,OFT-0305-00,medium,3.965977417132434,1941,1.8372872071514692,0.40676898708515435,0.22139651628871304,0.24194517035371405,0.24354808968269598,0.0029798832135315796,0.807815938441521,0.013781163662049685,0.15369531523597063,0.08373823944901015,0.035585692189601004
new_preds,OFT-0305-00,fast,4.820915530443114,1942,1.6138708535122972,0.3800296257148206,0.23547709836121955,0.25021098036836487,0.2529587841150028,0.004106072282617458,0.7438118976724751,0.012125725526659649,0.2541409616399264,0.133133343583293,0.030841802452355228
new_preds,OFT-0306-00,medium,3.9522617039873507,1943,1.981487059741606,0.4315839343375327,0.217808101352836,0.24170904090799022,0.24176587522681547,0.002154429231925333,0.8398409330832461,0.013947045278632034,0.12217791430988895,0.06806247979426049,0.0316536987549932
new_preds,OFT-0306-00,fast,4.867688396457463,1944,2.095505810275525,0.41256007022575997,0.19687851410515297,0.22266093075072801,0.22257213582498786,0.0011001426962538026,0.8130552720324358,0.012589668776567614,0.0686097509756581,0.040599709876112854,0.027097304380026613
new_preds,OFT-0306-00,slow,3.233713210498783,1945,1.7410233807063262,0.38642641522188814,0.22195360470410022,0.24095907413469447,0.2410936096957023,0.0036978758340627882,0.757368743930141,0.013964859263382685,0.19501934504770857,0.10449210215554562,0.035389046232012604
new_preds,OFT-0307-00,slow,3.425414052746558,1946,2.183191043554447,0.4145701366488234,0.18989182731982218,0.21876747265744,0.21739535559306283,0.0005948468138777358,0.8200756237631329,0.012311788089958232,0.03892420527682048,0.025617996683389356,0.023219880197089454
new_preds,OFT-0307-00,medium,4.228701417595535,1947,2.122385345512035,0.45073983078827884,0.21237417217443885,0.23904127026003735,0.2404942160718729,0.0011511627151936231,0.880312578420524,0.013792324933380454,0.07342345193557706,0.043607888434478756,0.026398038440298605
new_preds,OFT-0307-00,fast,5.078262649447762,1948,2.079055931886026,0.4184275261846624,0.20125842685005774,0.22842437335473817,0.22855974708236232,0.001008802511394089,0.8356292850170454,0.013075957368216854,0.06390421217087673,0.038490084769546795,0.02620941256518743
new_preds,OFT-0308-00,slow,3.438681908229956,1949,1.8472005929333661,0.400536389620592,0.21683426865110395,0.24092696638070907,0.23631988944606294,0.0024380935973532004,0.8035100577714683,0.014333288505306817,0.1389066952150318,0.07661999186016931,0.03182059327026158
new_preds,OFT-0308-00,fast,5.034142621383443,1950,1.5694884438148062,0.42225028831190603,0.26903688904238277,0.2861961663154603,0.28622427505898707,0.004827278920905035,0.824638516085307,0.012878815542942167,0.3104096452551385,0.16164423039904033,0.02986360174432613
new_preds,OFT-0308-00,medium,4.181184693291244,1951,1.9349447415471246,0.3818826826355519,0.1973610276488877,0.2199016232398679,0.22019546408002358,0.0018029621249945878,0.760517497813724,0.012449896553710111,0.1069345815964541,0.0596922390750821,0.030204297123563848
new_preds,OFT-0309-00,slow,3.8406487594621836,1952,2.13612400960019,0.38833707331604944,0.1817951914639698,0.20399814342733436,0.20741559995977593,0.0011659567166108333,0.7518912071836333,0.013728727062849257,0.0636658158188257,0.03869727144083748,0.030130204874868557
new_preds,OFT-0309-00,medium,4.61946408452429,1953,1.997308815566182,0.41562135850976284,0.20809068446030246,0.2284165324898651,0.23206881071714353,0.002280360397914246,0.8040751106646697,0.014187196027612736,0.11558540777574329,0.06488630190167802,0.035143941495844044
new_preds,OFT-0309-00,fast,5.639905849803894,1954,1.5046076372545156,0.35353390758593034,0.2349675083605384,0.24909921633805726,0.24875683228387888,0.004902874166757223,0.6937097797181323,0.011835156817762645,0.28870542235219737,0.15027028958498,0.03262703612469302
new_preds,OFT-0310-00,slow,3.5307093263688727,1955,2.137937481724102,0.41904277735275064,0.19600328865314667,0.22162978539164346,0.22235500882456694,0.001046942583419245,0.8202729485806765,0.01428254048350343,0.059930467314789466,0.03710650389914645,0.028214530430158025
new_preds,OFT-0310-00,medium,4.402874784062907,1956,1.8466859577649977,0.4246478034542578,0.22995128200801365,0.2531163948244072,0.2540781055499999,0.0029308349343779537,0.83540950027581,0.014070348736650794,0.1647427048083378,0.0894065267724943,0.03278099530513937
new_preds,OFT-0310-00,fast,5.469648850342858,1957,2.03419537397878,0.42905173653345424,0.21091963044545295,0.2371643867829482,0.23753948086802182,0.001379886493849345,0.851008974846702,0.013618651043067774,0.08673706244219327,0.05017785674263052,0.027499908992266894
new_preds,OFT-0311-00,slow,3.7622959078076708,1958,2.100965808858188,0.3694491056305455,0.17584727179893042,0.19949998334693758,0.20110746350420178,0.0009243768891828223,0.732225707384027,0.012160426667723639,0.05487949317059586,0.03351995991915975,0.027576909143452035
new_preds,OFT-0311-00,fast,5.622044960279286,1959,1.6795989234856157,0.3603244142083343,0.21453003402774576,0.2325009457213132,0.23269902049577362,0.0031672860862737152,0.7186506745602311,0.011502310081932272,0.19769705547284014,0.10459968277738621,0.0302800735353517
new_preds,OFT-0311-00,medium,4.699383775410305,1960,1.6789772546544077,0.453115257209498,0.26987575677596953,0.29147915545026093,0.2910770939189156,0.004353155986497354,0.8953618905970316,0.015184718099464665,0.2562230126376489,0.13570386536855678,0.03207834923990309
new_preds,OFT-0312-00,fast,5.0921496409851175,1961,2.1161897993225005,0.33340708883398174,0.15755065492741824,0.1782730979206139,0.1774718328986059,0.0008033810584268066,0.6522209332826104,0.009385582910098781,0.05572093941181866,0.03255326116095872,0.024678973158925945
new_preds,OFT-0312-00,medium,4.063049021621741,1962,2.020936471117054,0.42645436321332114,0.21101819345048606,0.23524504445762995,0.23538354380230797,0.0016003861481289929,0.8303371668705214,0.012462039289692955,0.10739126637501828,0.05992665283235562,0.02670574898628264
new_preds,OFT-0312-00,slow,3.376088189076344,1963,2.0040385308084003,0.42058083614276415,0.20986664162245816,0.23524943127734052,0.2348190873120802,0.0019156212371838513,0.8283659941084802,0.015405629339067686,0.09913641906525385,0.057271024202160764,0.03344834956018784
new_preds,OFT-0313-00,fast,5.2001652274674255,1964,2.010301640201041,0.39563514157439483,0.19680386946051992,0.2199918356346547,0.21990253142395585,0.0015455239121090528,0.7763656702106495,0.012518350293173981,0.09620156948308464,0.05435995988812931,0.028431292357273277
new_preds,OFT-0313-00,medium,4.07708462556664,1965,1.7637083737755082,0.407539617724004,0.23106972999827535,0.2528242634625992,0.2528023158134241,0.003186974468491277,0.80521289094779,0.013530046894169917,0.19058395154551458,0.10205699921984225,0.03122739736474297
new_preds,OFT-0313-00,slow,3.2657169908487917,1966,1.9758854206639933,0.42099471572785585,0.2130663606933145,0.23513456824938006,0.23743983471207353,0.002219294007988521,0.8234574685955863,0.014684775484967,0.115868082201987,0.065276428843477,0.03399839800228736
new_preds,OFT-0314-00,fast,4.926417831229453,1967,2.030540199709048,0.3050407235780233,0.15022638981574063,0.1679748530814028,0.16905016292843342,0.0011275643966467388,0.5988259018928749,0.009872093259684316,0.06848716659489812,0.03917962992729122,0.028779352912195716
new_preds,OFT-0314-00,slow,3.0802626876191437,1968,1.8294488910520803,0.38218290955781165,0.20890603253640266,0.22813839012047504,0.22948520617864646,0.0033881080733592778,0.737676183474367,0.015466872095366117,0.1657314050132228,0.09059913855429447,0.03739669192691986
new_preds,OFT-0314-00,medium,3.886598242907552,1969,2.153887737765117,0.39181701606650465,0.18191153104063615,0.20660905727202966,0.2040861764989675,0.0013811629606179108,0.7499771111538774,0.015016043792885271,0.06622454876809813,0.0406202962804917,0.03400179435129399
new_preds,OFT-0315-00,fast,5.394420227150203,1970,1.2513647657514426,0.40964052428712,0.3273550091057035,0.33917073904652506,0.33803576372227706,0.009183213777041918,0.8128355795304169,0.01447539555900104,0.5140686051470623,0.26427200035303167,0.03474909852263723
new_preds,OFT-0315-00,medium,4.031528588089411,1971,1.685436863809237,0.4050062421655334,0.24029748658171823,0.25829181101157683,0.25939715129838414,0.004664969296965278,0.7863792136207115,0.01537429414298346,0.23712584705812018,0.12625007060055182,0.03695023119412725
new_preds,OFT-0315-00,slow,3.2559296707244676,1972,1.9205810372946777,0.42702573865116616,0.22234195296058573,0.24579829441861456,0.24730375519610115,0.0028390768215054733,0.8356439908360513,0.0173839263069775,0.13584271072309897,0.07661331851503823,0.03705722290241478
new_preds,OFT-0316-00,fast,5.60026089896328,1973,1.388373777569433,0.38456044755380214,0.2769862509410368,0.28430662758063413,0.2863648238321488,0.007249449687105151,0.7194759679946976,0.01229678832520413,0.42270989606352277,0.21750334219436346,0.03333029099215846
new_preds,OFT-0316-00,slow,3.4569025447662254,1974,1.8543881810353253,0.4341011127426512,0.23409398160653058,0.2567106839906402,0.2582590971684441,0.004189047933113286,0.8413988585646612,0.017661198446333053,0.17313038705007505,0.09539579274820405,0.04391229227656007
new_preds,OFT-0316-00,medium,4.305335695393894,1975,1.8217523140147716,0.37916140750273564,0.20813005400670578,0.22633858407360458,0.2281765207172099,0.0031024334712963235,0.7388453360576037,0.01394986772526806,0.16213825552067,0.08804406162296903,0.035237282493643586
new_preds,OFT-0317-00,fast,4.99605864483421,1976,1.9367362370154686,0.36523393176303703,0.18858217488916634,0.21133821971222674,0.21009878233962986,0.0017389982687383665,0.7273181357366534,0.012508185009036658,0.10108925897917229,0.056798721994104476,0.03061685558556879
new_preds,OFT-0317-00,medium,4.014503077213659,1977,2.154390214577977,0.36959841409902194,0.17155592872548509,0.19458237029111344,0.19541002884953396,0.0009205102914246864,0.7216338175833127,0.01340503493374302,0.04928559478022819,0.03134531485698561,0.02936675849722855
new_preds,OFT-0317-00,slow,3.269708543800755,1978,2.0101444259088153,0.3114706703670766,0.15494939883548725,0.17343342460239347,0.1712985130125061,0.0014703570845004909,0.6059572406726204,0.011073889908592417,0.0795567434420305,0.045315316675311454,0.03244724283923114
new_preds,OFT-0318-00,medium,4.018610809887329,1979,2.138227426597741,0.4170133884378125,0.19502761177343375,0.22295878009019604,0.22030914531528845,0.0009950775198056601,0.8207684423088073,0.012885139401506995,0.056454676195804514,0.03466990779865575,0.02870147580387399
new_preds,OFT-0318-00,fast,5.118387493131598,1980,1.7524522011356298,0.39508512946519564,0.2254470217271383,0.2460925307590247,0.24680866853081293,0.0026646518736177472,0.7867038405151815,0.011244913702598123,0.1859937346861843,0.0986193241943912,0.027019571421574337
new_preds,OFT-0318-00,slow,3.2486878392483787,1981,1.5557820822295902,0.38249983356274486,0.24585694740396072,0.2624655039984985,0.26199504300334664,0.0048864545708635935,0.7594901861320311,0.013562085269619077,0.27381050672272117,0.1436862959961701,0.03400779828713686
new_preds,OFT-0319-00,fast,5.284927128086995,1982,1.711589225978096,0.4188969451915025,0.244741517902534,0.2502040097670552,0.25403488317968453,0.012190507467928761,0.7183374319406847,0.016355778652207126,0.3191600671937998,0.16775792292300346,0.07266725323920402
new_preds,OFT-0319-00,slow,3.3875757934089235,1983,1.8263604356327932,0.36688159731692216,0.20088126645702653,0.22048810391222745,0.22178716892895742,0.0030965484110805183,0.7281762216187371,0.014569102792767586,0.14068335843546848,0.07762623061411802,0.03989049045126949
new_preds,OFT-0319-00,medium,4.176421277140386,1984,1.914014000223673,0.44243437319869994,0.23115524397783754,0.2572237530254414,0.2560801737821601,0.002678068112048573,0.8688027271329348,0.0147550773556787,0.1440246679211193,0.079389872638399,0.0337331201455191
new_preds,OFT-0320-00,medium,4.4018975415725015,1985,1.9143758874003718,0.412913506869532,0.21569092547976468,0.23955459153448774,0.23911582843123028,0.001992033659610699,0.8144334246801206,0.011941712002990715,0.13300782227122027,0.07247476713710549,0.027485892515421707
new_preds,OFT-0320-00,fast,5.275700105681268,1986,1.9408125311943651,0.4821363347947299,0.24841983810668508,0.27342519261852766,0.27496018191314575,0.002647032348280948,0.925438691521019,0.013473113145287562,0.16897876375617543,0.0912259384507315,0.029016224916234037
new_preds,OFT-0320-00,slow,3.5802133029880436,1987,1.8897443979667925,0.41440394342088843,0.2192910024587201,0.24427806000717853,0.2448988606994989,0.0021250770631036937,0.8286597545118048,0.013224273489090277,0.13071137525196608,0.07196782437052818,0.02952815486213228
new_preds,OFT-0321-00,fast,5.271153129630347,1988,1.8961249203139532,0.3373231985913139,0.17790135817394415,0.19338041392802713,0.19636302837279648,0.0019376746786606716,0.6470398572146264,0.00933534592091318,0.1330034750902613,0.07116941050558724,0.02722622914669993
new_preds,OFT-0321-00,medium,4.195884996812822,1989,2.106356522012108,0.40494009330426706,0.19224670138816097,0.21608503158392883,0.213178843462896,0.001671609597924912,0.7699194486628922,0.011233210174873599,0.09250923307500636,0.05187122162493998,0.03222614670638859
new_preds,OFT-0321-00,slow,3.371656884759577,1990,2.1282145625903515,0.3828503970697886,0.17989276259993403,0.20042893186212368,0.19949878422604378,0.0013272536015475984,0.72333498159304,0.011214093595904662,0.08517353884417127,0.04819381622003797,0.027539914985934534
new_preds,OFT-0322-00,medium,4.373100391127943,1991,2.081890053522761,0.4441546979157267,0.21334205289283822,0.2400578931060321,0.2394535329435602,0.0015883157286031612,0.8569407909788681,0.014126145713154731,0.09611928166217112,0.05512271368766293,0.02881417880844723
new_preds,OFT-0322-00,fast,5.625039092608936,1992,2.1024242518457767,0.44683424543874356,0.21253286297780066,0.23715589022400874,0.23975674650600218,0.0013722156884989013,0.8612898017439861,0.012867176692516786,0.09175294901667216,0.052310062854594476,0.026232346390277324
new_preds,OFT-0322-00,slow,3.290088979344401,1993,2.113570624269412,0.3676249021239703,0.1739354710472689,0.19548322588057848,0.19770395438159516,0.0011370262273907052,0.7127059203412108,0.012066310856037212,0.06667734230278764,0.039371826579412426,0.028879184080965587
new_preds,OFT-0323-00,slow,3.522114617782679,1994,2.131853975243022,0.37349417643678257,0.17519688532804217,0.19871719571449217,0.19958711718184746,0.0008844045784189625,0.7297296208204443,0.010940541225976722,0.05838162024169885,0.034661080733837786,0.025515781957588093
new_preds,OFT-0323-00,medium,4.319876624755646,1995,2.1046460552582307,0.43781778242716024,0.2080244235525113,0.2356009777357908,0.23471082302832066,0.0010142383265109084,0.8629776459564991,0.012395891740414933,0.07060659762394476,0.04150124468217985,0.024438744772067294
new_preds,OFT-0323-00,fast,5.210002768021047,1996,2.0763463447265913,0.4494321388514657,0.2164533580791628,0.242487881406314,0.24398066807477484,0.0012889206221574727,0.8759355932252174,0.012154103260961672,0.09292420559446614,0.052539154427713904,0.02453257263458316
new_preds,OFT-0324-00,fast,5.2456393396162335,1997,1.8728299754230098,0.3873452500688722,0.2068234998114999,0.22144986661118649,0.24195618721812315,0.010979598955041255,0.7021808913500787,0.019992973116574712,0.18440141095299092,0.10219719203478282,0.10743542690785816
new_preds,OFT-0324-00,slow,3.459224873478565,1998,1.8543281867063466,0.39274420053251796,0.211798646727206,0.23347607813791638,0.23281218944670193,0.0026592702292466976,0.7689164635310246,0.012972285575191648,0.15311934447601697,0.0830458150256043,0.03202172473624112
new_preds,OFT-0324-00,medium,4.358332041637447,1999,1.9472866734072705,0.4020480518155078,0.206465774816824,0.23274450732570467,0.22865158722339757,0.0017835657000596847,0.8005658339802898,0.012976751657905586,0.10832808642838267,0.060652419043144126,0.02940634072304641
new_preds,OFT-0325-00,fast,5.056572324265833,2000,2.004191460260438,0.43858466407349994,0.21883371562540604,0.2445556879557647,0.2441959058834964,0.0018016478849264862,0.8582809714768679,0.013762669717529168,0.11136504764634791,0.06256385868193855,0.028796943201436533
new_preds,OFT-0325-00,medium,4.0902131997586695,2001,2.042845767674996,0.4273341005895515,0.209185689566721,0.23398000397357066,0.23361857221647594,0.001903836501010759,0.819846784532474,0.014234917439083889,0.10983142530573092,0.06203317137240741,0.03069062017773273
new_preds,OFT-0325-00,slow,3.17764444734663,2002,1.8980537421076291,0.422722610323834,0.22271372034726272,0.2459237090055006,0.24683649271983604,0.002670643278107091,0.835526349938792,0.01633869240395819,0.1363236407564787,0.07633116658021845,0.03498758630002649
new_preds,OFT-0326-00,fast,4.733535445924631,2003,1.7559569785299622,0.32033148606693546,0.18242558899996966,0.19943163226904526,0.19924403396478435,0.0025007862799845144,0.6389576194600111,0.010709792641148751,0.14648710615221697,0.07859844939668285,0.03181724702179757
new_preds,OFT-0326-00,slow,3.062040153696067,2004,1.9583185170580322,0.3447415940517954,0.17603959266529237,0.19582920509235063,0.1970189112946634,0.0015562092648109852,0.6936038573424624,0.013481709676896405,0.07986759507025122,0.046674652373573815,0.03334163589169177
new_preds,OFT-0326-00,medium,3.8203989707186654,2005,1.9676188919922046,0.40858328278080086,0.2076536693379236,0.23288290983486978,0.23232127164439417,0.0018729149785632886,0.8135806895198876,0.015268932780866613,0.1003569467938153,0.05781293978734095,0.032396120755191084
new_preds,OFT-0327-00,medium,4.447452740911696,2006,1.0602491962227434,0.4246776262063867,0.40054510554627004,0.40488175719722275,0.40354342092225,0.013976240582136947,0.835570282642988,0.015482981387401278,0.7492171779026127,0.38235007964500695,0.03655351816616121
new_preds,OFT-0327-00,slow,3.4553149670858825,2007,1.6256348280220998,0.3485178179591608,0.21438874952205617,0.22959856639489296,0.23174239692708096,0.004591022244323185,0.6877329880978418,0.01449037779099441,0.21780514417361757,0.11614776098230599,0.039527427868562906
new_preds,OFT-0327-00,fast,5.659133798889108,2008,1.8990448179226171,0.33855663926225255,0.1782773297749775,0.1985320092183867,0.19821809091258435,0.001709443722682191,0.6792773967110876,0.011607764991585948,0.10065436841819177,0.056131066704888856,0.0304545027029266
new_preds,OFT-0328-00,fast,6.273070232129403,2009,1.7839266050985374,0.4378974598625011,0.24546831613530048,0.2660477055278193,0.2662599159144531,0.0032237344795949014,0.8398563291642734,0.01207499785406515,0.22293277490686864,0.1175038863804669,0.027435130691394687
new_preds,OFT-0328-00,medium,5.149508021289959,2010,1.3864025203822143,0.3382276592784668,0.24396064945498047,0.2537682472736884,0.25370944357804714,0.005369795612812,0.6471790816379408,0.009697378967407804,0.3607298465135045,0.18521361274045614,0.028992445713678785
new_preds,OFT-0328-00,slow,3.975748890342818,2011,2.118692765018626,0.434893748550545,0.205265131278589,0.2330266967676217,0.23251193612703971,0.001244542034059099,0.8519578002035202,0.013597603581633375,0.06907488793112142,0.0413362457563774,0.0301077664719247
new_preds,OFT-0329-00,fast,5.22399847778886,2012,1.8067246792145448,0.4013019652656001,0.22211572680795064,0.23796246496454004,0.24318555426554733,0.002821837390367281,0.7830562496326414,0.012310208283958648,0.17986773115365975,0.0960889697188092,0.0293669231611598
new_preds,OFT-0329-00,medium,4.1470527151797905,2013,2.0761289715953044,0.364998799034897,0.1758073819250404,0.19659671623675246,0.19697990035447754,0.0014218264440611019,0.6994494390557332,0.0117972955446717,0.08515667521062427,0.04847698537764798,0.02932992703619489
new_preds,OFT-0329-00,slow,3.2971032372227946,2014,2.2000068026236597,0.3759470231751303,0.17088448214195864,0.19315157375981445,0.1933471338115972,0.0008279617314014654,0.7205880740793836,0.011121665846193389,0.05353149742744181,0.0323265816368176,0.025612412122736725
new_preds,OFT-0330-00,fast,5.301159166135923,2015,1.890176443136076,0.4366916628947069,0.23103222161110648,0.25296519571403964,0.2540865807218819,0.0026885265002259307,0.8428624993741809,0.013052628349539888,0.16835495286227922,0.09070379060590955,0.029640729260225287
new_preds,OFT-0330-00,medium,4.23809980285578,2016,2.1274754134844867,0.44387097097768063,0.20863741510915343,0.2352417998325877,0.23443821698287487,0.001357886851298426,0.8556688608124289,0.014397962461399126,0.08074172824575092,0.04756984535357502,0.028545118051269355
new_preds,OFT-0330-00,slow,3.4728689051708046,2017,1.9293284167437843,0.4060422088215719,0.21045779728205521,0.23850931526569533,0.23410236733674494,0.0019566416166822012,0.8099867598315471,0.014166581989312158,0.11351341146043778,0.06383999672487498,0.030649149703352106
new_preds,OFT-0331-00,fast,5.858642867689242,2018,2.1241235050439293,0.38901452744989573,0.18314119990016797,0.20068408939446614,0.20169644827746458,0.00807696040772122,0.658183973523585,0.013534291615537675,0.15570623782869203,0.08462026472211485,0.09544948168438393
new_preds,OFT-0331-00,slow,3.5911321468412947,2019,1.8710686729841588,0.4178992069793423,0.22334787226854522,0.24380292491223832,0.24050928307311742,0.0032735124449352324,0.802096377671093,0.012548200302404717,0.17274906601114667,0.0926486331567757,0.035332549800232316
new_preds,OFT-0331-00,medium,4.6939611451620165,2020,2.0417232065272897,0.40335374490765524,0.19755554700958142,0.22171725941607223,0.22197228465443997,0.0013794373186477465,0.7887335250073042,0.01187006422340953,0.09113826043800134,0.051504162330705434,0.026783025996820496
new_preds,OFT-0332-00,medium,4.320010455617617,2021,1.4914864431218502,0.3972346047700446,0.2663347069642735,0.2809606670687056,0.2996530941626738,0.013096593549849947,0.8010930485954622,0.022714091956290292,0.29388504265837734,0.15829956730733383,0.08273297124320818
new_preds,OFT-0332-00,fast,5.4795898188420535,2022,2.0236017480201833,0.460770048913881,0.2276979891743429,0.24386876899913495,0.2606700817323309,0.013523848946820849,0.737853935627632,0.01266452626602562,0.2632856757266622,0.1379751009963439,0.09801659030624088
new_preds,OFT-0332-00,slow,3.3192964198685333,2023,1.3449665836611693,0.3472971812753662,0.2582199331153487,0.26271998799549573,0.27007543750546614,0.006579790143126317,0.6629738508086342,0.011175523869993624,0.3966891917196492,0.2039323577948214,0.03226457151908338
new_preds,OFT-0333-00,fast,4.448614657244882,2024,1.9614225902475182,0.40999878495479325,0.20903133623185924,0.23486047081639344,0.22984608335882145,0.002005538928114592,0.801085398320247,0.013430658274505049,0.12008747376603736,0.06675906602027121,0.03004144676777856
new_preds,OFT-0333-00,medium,3.722879728402531,2025,1.9397856909960767,0.46540718808030795,0.2399271168153231,0.2671642336608516,0.26628912445656144,0.0024830604905916836,0.9168018181193737,0.016611206776455934,0.1365524175073634,0.07658181214190968,0.03242363194527777
new_preds,OFT-0333-00,slow,3.1639474948346322,2026,2.1323673601257638,0.2482048821959599,0.1163987438737203,0.12798075011458096,0.12897832648942328,0.001250729375745151,0.4593425405604749,0.009308233447950991,0.06159654127182987,0.03545238735989043,0.035279129810033096
new_preds,OFT-0334-00,fast,5.035610783776885,2027,1.6854061519956072,0.38501280573149455,0.22843918379888412,0.24372802599222004,0.27039909497608855,0.011845169066134016,0.7305180657202488,0.017056760711490402,0.23262355066396842,0.12484015568772941,0.09488268418827582
new_preds,OFT-0334-00,slow,3.1597742830617013,2028,1.9944989610602215,0.35000714177503356,0.17548624923272924,0.19717327492371806,0.19837941364870593,0.0011862295753302834,0.7088372681737449,0.01350899004537958,0.06567295540761398,0.03959097272649678,0.029962122515276912
new_preds,OFT-0334-00,medium,3.949029027464002,2029,1.9705683153036395,0.39340751213779984,0.19964165113310509,0.22225491024388727,0.22407645228139822,0.0015013845166299696,0.7824725557704549,0.011771568107229487,0.09970402664045337,0.05573779737384143,0.02693655988161799
new_preds,OFT-0335-00,fast,5.250051778141093,2030,1.9063479014962925,0.41729714664212025,0.21889873632959844,0.2378230709094663,0.24013182879081474,0.002915085335115993,0.788474290272607,0.012873711499247927,0.1705310633676837,0.09170238743346582,0.03178854353416936
new_preds,OFT-0335-00,slow,3.4534758315856844,2031,2.0042213813957277,0.3649463589837209,0.1820888462578792,0.2046485875159605,0.20528405663055313,0.0014462787614667547,0.725820075814288,0.013239307494338354,0.07927847932434434,0.04625889340934135,0.03126488021813982
new_preds,OFT-0335-00,medium,4.216845869720235,2032,1.9275970108017764,0.4037947285638989,0.2094808854242527,0.23310537978908857,0.23097554379236876,0.002539825490618727,0.7803227831841255,0.014097103186997277,0.13812075140509228,0.07610892729604478,0.033370927443760155
new_preds,OFT-0336-00,medium,5.231693541599578,2033,1.2395810817265864,0.45046997668241284,0.3634050110340202,0.3657943089457119,0.37363610517094986,0.01012240487854015,0.8639971055875763,0.014041649109430654,0.6089913673847305,0.31151650824708055,0.0324939597438975
new_preds,OFT-0336-00,fast,6.14540068204516,2034,1.843117613763885,0.36943855313429713,0.2004422020469197,0.21977821062262243,0.220004369424529,0.0022393904543471102,0.7256288939723806,0.01091675693036792,0.1474819423742721,0.07919934965232,0.028275364181371294
new_preds,OFT-0336-00,slow,3.8760013512949807,2035,1.9286749678974986,0.4224075058344073,0.21901435589993956,0.2424944499529558,0.24308041736765496,0.0025361592733659415,0.8164061445402228,0.014102687027764543,0.14470900772563847,0.0794058473767015,0.03193920041347077
new_preds,OFT-0337-00,medium,4.571357158163423,2036,1.6235984128515937,0.41755744681439805,0.2571802506760428,0.2758678830963683,0.27650778285681143,0.005293355703996585,0.8095930264586294,0.014993696447723123,0.2790295221629999,0.14701160930536153,0.03600637887720569
new_preds,OFT-0337-00,fast,6.346808727834901,2037,1.4479460973189489,0.39259392298150736,0.27113849314449173,0.2856784794178296,0.2872392325801642,0.01240616711424484,0.7040785754139121,0.015192571503599778,0.41360437346471807,0.21439847248415891,0.05786499768631274
new_preds,OFT-0337-00,slow,3.4262744373936793,2038,1.7573925512717798,0.42393969810726456,0.241232215193168,0.2608474655847665,0.2616133541444306,0.004451121997528178,0.8248120566924896,0.016863642358708814,0.21015578118099407,0.11350971176985145,0.03921357853989733
new_preds,OFT-0338-00,fast,4.533575297278591,2039,1.7990183046563417,0.35201457461360103,0.1956703685018062,0.21160402241669457,0.21299410229250376,0.00311601643508578,0.6756899620308664,0.012215180706381805,0.16983241789078846,0.09102379929858513,0.03423298586850148
new_preds,OFT-0338-00,medium,3.6830305110730035,2040,1.8843214791352034,0.40169574763263016,0.21317792748240905,0.23669154833779849,0.23665945863338128,0.002562937270304752,0.7987236434814119,0.015756041747958856,0.12992799750507125,0.07284201962651506,0.035184873833067405
new_preds,OFT-0338-00,slow,3.0894397193364718,2041,1.9521795716587342,0.31485802718493316,0.1612853816093381,0.1805753237554248,0.18156592150110706,0.0014700821411922503,0.6391612714781574,0.01379415241132302,0.06750234319447733,0.040648247802900175,0.03616594123123218
new_preds,OFT-0339-00,fast,5.118595894013102,2042,1.7517319334876325,0.3703032026475093,0.21139261982297117,0.227204751903559,0.23101467288818622,0.0028070279969338104,0.7213258460465961,0.010681453172615641,0.19021144348800828,0.10044644833031197,0.027945517672293117
new_preds,OFT-0339-00,slow,3.272892547232072,2043,1.5369279701520067,0.4229450083844188,0.2751885687541937,0.29215739185049494,0.29289784111733597,0.006659763206369415,0.8318133618675349,0.013783707116144297,0.32237566264183887,0.16807968487899158,0.03962265404747807
new_preds,OFT-0339-00,medium,4.174152793515221,2044,2.042569312505535,0.42296789983605027,0.2070763999275075,0.23235561692221368,0.232214726131512,0.001809054921225006,0.8200206014949973,0.012312751517740536,0.10210894173033863,0.05721084662403959,0.03162083814478729
new_preds,OFT-0340-00,medium,4.430502999226956,2045,1.3410157835306284,0.3805476366757672,0.2837756582356255,0.29511021705786844,0.2958076254367135,0.006521508171098781,0.7597112403913795,0.012269582154105552,0.4049862914459886,0.20862793680004707,0.03125903592359788
new_preds,OFT-0340-00,fast,5.388851183866587,2046,1.7585212977792506,0.3855462986294148,0.2192446000604611,0.23704972927695195,0.2318913301045501,0.013755660942035203,0.6638123347523965,0.016240201769493107,0.26632105206239653,0.1412806269159448,0.0973640989731675
new_preds,OFT-0340-00,slow,3.4601350278054737,2047,1.0014670708810565,0.24416442698592,0.24380674520941809,0.2433443799490107,0.24306016117080143,0.009104412335419596,0.4750609199349227,0.008936981563158175,0.4823035078924228,0.2456202447277905,0.03706702737597869
new_preds,OFT-0341-00,fast,5.0991185564001515,2048,1.9125196628693686,0.3626283418502578,0.18960764110848594,0.20244867100157807,0.22357224316322993,0.002247481447639637,0.7103792841541995,0.012527205351098757,0.11978694385189176,0.06615707460149525,0.033971898866109185
new_preds,OFT-0341-00,slow,3.2293799754738086,2049,1.7603825644781486,0.41020316118378003,0.23301932742408268,0.2538441755231421,0.2555028050576611,0.003846666368658183,0.8108267871956254,0.016474911027097187,0.1895208619847986,0.10299788650594789,0.037347041761250574
new_preds,OFT-0341-00,medium,3.8639978541997726,2050,2.0500347281089217,0.44169326187341373,0.21545647779384633,0.24300297737844873,0.2423678415905351,0.0015478947647238773,0.8752612546860076,0.016543587268391835,0.08159156649604558,0.04906757688221871,0.031546183102528734
new_preds,OFT-0342-00,fast,5.161906977042637,2051,1.7762382376659946,0.3401846531603691,0.19151972181804686,0.20891515473187122,0.21511675015248644,0.005130184846105219,0.6532581023313765,0.012491865382697566,0.16953120038316907,0.09101153288293332,0.05636851378719326
new_preds,OFT-0342-00,medium,4.090578790133509,2052,1.8820517459241803,0.41675559834046316,0.22143684372281464,0.24114700038981327,0.24308001937825974,0.002622353883884621,0.8030160299668654,0.012775793677486573,0.16499257467184653,0.08888418417466655,0.029503042731780338
new_preds,OFT-0342-00,slow,3.360644012915307,2053,2.0515434275713615,0.38426698384066305,0.18730628787885922,0.20962810192527964,0.21131121080134854,0.0013375676819268253,0.7539416438896843,0.012622896933822446,0.07980339099090519,0.04621314396236382,0.028943446977252752
new_preds,OFT-0343-00,fast,5.614820886363782,2054,1.6111210609902258,0.4103032966922834,0.25466943895581823,0.2705633889317647,0.26892335808839307,0.005407395225088709,0.785228962784279,0.013924284368301445,0.29193404231383646,0.15292916334106896,0.03535882304560126
new_preds,OFT-0343-00,slow,3.55964819906225,2055,1.4042736712298223,0.4542746702395946,0.323494401089037,0.3380029496738531,0.334271859729407,0.01496424919592054,0.8180559718171057,0.01981928423371584,0.5065282336846848,0.2631737589592003,0.05686071915034827
new_preds,OFT-0343-00,medium,4.486881182251686,2056,1.8174467121736977,0.46208546230819375,0.2542497995748836,0.27665629941172754,0.27684004557106584,0.004127865787247869,0.887047290693604,0.017160774180732356,0.21258109900460556,0.11487093659266896,0.03593481440727896
new_preds,OFT-0344-00,fast,5.312659712064391,2057,1.9733211321065158,0.3069815250781001,0.15556592390534937,0.165171705119548,0.18733838818614706,0.0070251895551256445,0.5835780481439198,0.015688677978645062,0.0916795805300824,0.053684129254363736,0.13086157217600022
new_preds,OFT-0344-00,medium,4.493919079409332,2058,2.112797443219501,0.42309577419124866,0.20025382724173088,0.2262414022185078,0.22463481093654544,0.0010722820879077184,0.8192305569787929,0.010770924273480538,0.0813625191015015,0.046066721687491013,0.023276717956660815
new_preds,OFT-0344-00,slow,3.549076030188831,2059,1.9802365263473132,0.4239241208926386,0.21407751814102566,0.23951428728643365,0.23843275810871403,0.0016301975660067446,0.835114918228885,0.012088200255647987,0.11240005788936944,0.06224412907250871,0.02619038277662643
new_preds,OFT-0345-00,slow,3.300659244271561,2060,1.9339447987931124,0.34689392772641914,0.1793711629943626,0.20041411610759394,0.20005397743752232,0.001847076859977076,0.690292221914033,0.013287211319790505,0.095819524249678,0.054553367784734255,0.033858163757471006
new_preds,OFT-0345-00,medium,4.092060310956973,2061,1.7236948576238411,0.373361689896638,0.2166054439654864,0.23615493787614203,0.23459070124830156,0.003522066854312965,0.7327411137016465,0.013289413931752642,0.19524730433980944,0.10426835913578104,0.03377886526176589
new_preds,OFT-0345-00,fast,4.993553093020431,2062,1.9044735853455301,0.4448944625391764,0.2336049530760275,0.25936078210131075,0.2601921605172376,0.00229539148062522,0.8879072930045921,0.015078828062775633,0.1347830544876913,0.07493094127523346,0.030633426479908694
new_preds,OFT-0346-00,fast,4.756005657787854,2063,2.0030870083232104,0.45425137839580043,0.2267756600229041,0.2553291753260143,0.251487538155773,0.002007502133641936,0.891894335527406,0.015373129673054667,0.11156553194396199,0.06346933080850833,0.03162948321763023
new_preds,OFT-0346-00,medium,3.5929423556049653,2064,1.9472805091284362,0.33146578233081336,0.17021984289216288,0.19160747301539327,0.19065402437536252,0.0015329179110292245,0.6694359461105344,0.013280920064801121,0.07725255720161184,0.04526673863320648,0.03386411209012342
new_preds,OFT-0346-00,slow,2.885933115178407,2065,1.8682103083815451,0.41031519537032224,0.21963008850207213,0.24133122471794183,0.24731970830336106,0.002991743737362859,0.8255319302580854,0.018766434140255972,0.12657279930670934,0.07266961672348266,0.041169114029413874
new_preds,OFT-0347-00,medium,4.448700203031869,2066,1.0054261439777905,0.3276486322767711,0.32588035853184333,0.3236624727625589,0.3253877148831474,0.013758964420364712,0.6453918854407229,0.013838103172233145,0.6314166179665165,0.3226273605693748,0.04264661371584482
new_preds,OFT-0347-00,slow,3.5474286501105365,2067,1.709219586037254,0.37741316124782515,0.2208102249301039,0.23978005337933259,0.2426346056314544,0.004746216141966391,0.7594866877101029,0.01845265676610375,0.1788568072611032,0.09865473201360347,0.04810936125508847
new_preds,OFT-0347-00,fast,5.762181594983411,2068,1.691324904745848,0.4455898596125068,0.2634560978568838,0.28183814488469483,0.28052273320198967,0.019275857029345617,0.7268001955249864,0.017601651947121905,0.38121356780389265,0.19940760987550726,0.09666560389234785
new_preds,OFT-0348-00,medium,4.161914791066849,2069,1.99552831328905,0.4306309165369662,0.21579794867816032,0.23985919144162313,0.24238874819901157,0.0016416550665478348,0.8488281761906011,0.012933450627602273,0.1072049967572928,0.060069223692447535,0.027329387091017777
new_preds,OFT-0348-00,fast,4.9351286333884055,2070,1.845787470400536,0.4519294450609795,0.24484370617323065,0.2655595927435459,0.2674418676203224,0.003041429929334523,0.8683471444541098,0.012284594537484586,0.19924452521586825,0.10576455987667642,0.02875660743902202
new_preds,OFT-0348-00,slow,3.341983525374884,2071,1.9704008759990121,0.3725276502111892,0.18906185779191462,0.21263644783959135,0.2058516455740551,0.001917676918377343,0.7091088302828328,0.011429144729016471,0.12552467544706924,0.06847691008804285,0.028004723284268045
new_preds,OFT-0349-00,fast,5.0182297318720535,2072,1.8317580744104816,0.41021244588746025,0.22394466366388463,0.24348938769304707,0.24691481280554373,0.0029306494168268343,0.8025825984499719,0.013807212495719527,0.16959208540480802,0.09169964895026378,0.031959221767755785
new_preds,OFT-0349-00,slow,3.377427124963693,2073,2.215931468290784,0.3469304733312345,0.15656191461500055,0.17797198301851053,0.17744084364334478,0.000921197851026293,0.6601442574000483,0.012810048446017191,0.04755643412102715,0.03018324128352217,0.030520176490428787
new_preds,OFT-0349-00,medium,4.020229759490754,2074,2.0720564715015977,0.3958442270144934,0.19103930441028436,0.21789762648734018,0.21690310654717745,0.0012184795058831589,0.7943324437163821,0.014449349146367137,0.05655940657460953,0.03550437786048834,0.03431913412681327
new_preds,OFT-0350-00,medium,3.984050159907242,2075,2.08179994137663,0.4369434547040267,0.20988734124715624,0.23963838541074184,0.23630037252383768,0.00127224008806738,0.8641562855477669,0.015207516276604592,0.07244137980462145,0.04382444804061302,0.029030373340660647
new_preds,OFT-0350-00,fast,4.950638011780393,2076,1.9748438801109613,0.4058035782874047,0.20548640952043443,0.2309577141668764,0.230457040978015,0.0016448629925057633,0.8096510391367605,0.012941475741405287,0.0978668445945512,0.05540416016797824,0.029688438332405934
new_preds,OFT-0350-00,slow,3.1728240285908482,2077,1.7346188371282865,0.4281988635716246,0.24685472935398342,0.2650167528965661,0.26568887549257936,0.004106250307090129,0.8355880284360193,0.015820891015353646,0.22257581476629112,0.11919835289082238,0.03444888463224971
new_preds,OFT-0351-00,fast,5.642268623118245,2078,1.215675669940822,0.4231475426136812,0.3480760149080549,0.35332913173207636,0.35561047180255795,0.010202882585385436,0.815815698694674,0.01403002722768662,0.5897912149772868,0.30191062110248673,0.03379438109241596
new_preds,OFT-0351-00,medium,4.514928373241963,2079,1.2436931671925797,0.4055853373212593,0.3261136653478586,0.3335715114578867,0.33703745433449916,0.009840887161020832,0.7980396797980864,0.015180486839229486,0.521129443579798,0.2681549652095137,0.03669850809337799
new_preds,OFT-0351-00,slow,3.6775897498593593,2080,0.9288892993110597,0.2786418769866526,0.29997318000467466,0.2936613175577625,0.2974493003850087,0.013175838662891052,0.5420734959225636,0.011349883506999826,0.6226278504172333,0.3169888669621166,0.04156561960412856
new_preds,OFT-0352-00,slow,3.4271361197864465,2081,2.0918313375693467,0.33569081779524185,0.16047700011287994,0.18123724969350624,0.18273457465839915,0.0009284657800144205,0.6569631175992369,0.009783473224362654,0.06183985268908652,0.03581166295672458,0.025926352013766973
new_preds,OFT-0352-00,medium,4.447896822788594,2082,1.7697359818445413,0.4217914391698523,0.23833579895359988,0.2593735352382791,0.2609114168747869,0.0035221367063315535,0.8178425911041184,0.012092046069843142,0.2116142420422328,0.11185314405603798,0.03148893789312687
new_preds,OFT-0352-00,fast,5.43888970132042,2083,2.1990637478849595,0.4656202218044367,0.21173566353056666,0.23075251806848313,0.23286863172046296,0.015551964016352546,0.7318243151807464,0.016700439965862728,0.2098082140962399,0.11325432703105132,0.13731893892308955
new_preds,OFT-0353-00,fast,5.253932547569764,2084,1.033694782553195,0.2849128649237808,0.2756257163454522,0.27453363038873246,0.2748436031823319,0.009583563989600356,0.5609524895675579,0.010218898987839604,0.5263914871259749,0.26830519305690725,0.03571889116424106
new_preds,OFT-0353-00,medium,4.080326024312752,2085,1.4083541090408158,0.38234332919486247,0.27148238269085895,0.2834567581391867,0.28434654596126097,0.007704880273074255,0.7553152896142284,0.01604359236262073,0.3622962417655144,0.18916991706406755,0.0407299447642343
new_preds,OFT-0353-00,slow,3.3110096974302854,2086,2.042587370940989,0.4232834145966899,0.2072290373565218,0.2314576033610652,0.23157550222243062,0.00167685296785908,0.8282051894786773,0.01505601233993269,0.09200528325970218,0.053530647799817435,0.03132510135371085
new_preds,OFT-0354-00,fast,4.422619707649359,2087,1.8403452327989493,0.3936699181895941,0.21391090713499897,0.23628751298958392,0.23593867179718697,0.003006321481505031,0.7750162480166595,0.015306950982400763,0.15219361358672834,0.08375028228456455,0.03589625490801606
new_preds,OFT-0354-00,medium,3.683890751074397,2088,2.0228576063477055,0.3872614711783246,0.19144277380825137,0.21380497914331215,0.2146373334041928,0.0017033048781981968,0.7654203386344575,0.01623612184954509,0.08032067855584095,0.04827840020269302,0.035280888990666774
new_preds,OFT-0354-00,slow,3.160592589843128,2089,1.7870256250009555,0.3069565187553857,0.17176951156210846,0.1894543416487318,0.18829686159253395,0.002810768223970996,0.6054105848185636,0.012728286875086715,0.13372190992745112,0.07322509840126891,0.038385311666884546
new_preds,OFT-0355-00,fast,6.93393121039392,2090,2.464027494759367,0.454752459132813,0.18455656850420957,0.2036469058176505,0.21028502803443594,0.01071164722557754,0.708370690155025,0.012650122764688325,0.14159175918584918,0.07712094097526875,0.1388941458716455
new_preds,OFT-0355-00,slow,3.7350400161907213,2091,2.0535905427302374,0.41310948890512345,0.20116448742303647,0.22668331819845317,0.22639625884224002,0.0014209692269830235,0.8094568391339568,0.013432568353567596,0.08632007371868175,0.049876321036124674,0.028489856458214644
new_preds,OFT-0355-00,medium,5.101741736003532,2092,1.192966841548789,0.27576246708513535,0.23115685824689156,0.23221144641503183,0.23891393200374475,0.0059513593106059765,0.5303842500806453,0.0078509865901788,0.4027436414252578,0.2052973140077183,0.028988977957998176
new_preds,OFT-0356-00,fast,5.020394406369701,2093,1.7596036648709383,0.37836287486689146,0.21502732826749554,0.23312102250370986,0.2331342492976616,0.003240455553764315,0.7285074668938495,0.011890069761868915,0.19813909416019748,0.1050145819610332,0.030857196146024002
new_preds,OFT-0356-00,slow,3.262842037953827,2094,1.7766450318049483,0.4240968767841359,0.23870658977572062,0.2604337034430622,0.2557608338581804,0.005969112607578692,0.8078379640521418,0.015865775351449236,0.21784865059592054,0.11685721297368488,0.05108039508800264
new_preds,OFT-0356-00,medium,3.984064513205377,2095,1.9715720869133717,0.43375871671466193,0.2200065214930793,0.24590502529315605,0.24449355603295964,0.0021088385725447916,0.8503618090926155,0.015050776320535314,0.11938075959741301,0.06721576795897416,0.03137416467266941
new_preds,OFT-0357-00,fast,5.545857512248993,2096,1.5769211237790937,0.38715120325886604,0.24551082322434595,0.2540964621718371,0.27260621110261934,0.008029642917453252,0.7195136361132725,0.01467907680458496,0.3106411270793331,0.16266010194195904,0.04936455111972338
new_preds,OFT-0357-00,slow,3.5137077312454443,2097,1.9682819932186215,0.35500746602204325,0.18036412833382648,0.19907371881944053,0.20176839193856927,0.00207739806306216,0.6988955822433274,0.014243583605088582,0.09356161826793623,0.053902600936512404,0.03853984829988004
new_preds,OFT-0357-00,medium,4.36505774960085,2098,1.9748367565651903,0.3917131947588762,0.19835218959575082,0.22028969491249267,0.21835194955791418,0.0023178335372248085,0.751989553837498,0.01436840656997322,0.12141346701987003,0.06789093679492163,0.034140544329595804
new_preds,OFT-0358-00,slow,3.441913671894649,2099,2.05005802123702,0.42001673564210507,0.20488041376929608,0.22893279405860872,0.2252155133524949,0.002617961026532029,0.8100946509023841,0.016611882707139113,0.09776532137753367,0.05718860204233639,0.04577767130229845
new_preds,OFT-0358-00,fast,5.940149436858328,2100,1.7366719336545378,0.4560987439211755,0.2626280387691827,0.2857858376207149,0.28323129223227517,0.0040393856154524455,0.8864048139682896,0.01441353882099683,0.24238976924798816,0.1284016540344925,0.031458984277315825
new_preds,OFT-0358-00,medium,4.516164815800063,2101,1.9312759859461963,0.424413463767839,0.2197580598817961,0.24038500302512145,0.23968229625126214,0.003230007140642029,0.8031193117660574,0.014239037010240728,0.16077158555326546,0.0875053112817531,0.0369121267421348
new_preds,OFT-0359-00,fast,5.459627214932274,2102,1.3695803380916654,0.42735394150002187,0.3120327662526791,0.3234685750939579,0.3234013433219246,0.00901740900564278,0.8289661201218153,0.016293796438709606,0.4515143270682205,0.23390406175346504,0.03855174184682236
new_preds,OFT-0359-00,medium,4.497377353826911,2103,1.524361673186472,0.42020761625552683,0.27566136281630566,0.2916005942827009,0.2903971938095034,0.0072544637642361345,0.8113418662041612,0.01735277833051465,0.338969469685921,0.17816112400821782,0.040718556332758185
new_preds,OFT-0359-00,slow,3.6857302485349974,2104,1.8257348735186354,0.45512681537520305,0.24928417700542846,0.266706791996549,0.2719871200373976,0.00571628334414386,0.8428128379198153,0.02028485269514886,0.2312440532474933,0.12576445297132108,0.045452297601512114
